Pos	A	C	G	T
1	0.289666910298263	0.142413055661662	0.346794254520386	0.221125779519689
2	0.0562588744246082	0.84553012349726	0.0384732731471824	0.0597377289309497
3	0.074021394993964	0.016682398360721	0.82415133543091	0.0851448712144053
4	0.0739156059925292	0.030658930276846	0.822973484799838	0.0724519789307866
5	0.22768860024319	0.186415659150675	0.239362444407959	0.346533296198176
6	0.182009067785075	0.23137887276319	0.447670069314907	0.138941990136828
7	0.26939353533462	0.243757350951873	0.060109822697392	0.426739291016114
8	0.12351711481526	0.119866632389875	0.132473116162717	0.624143136632148
9	0.598950276621665	0.0329561728895396	0.0794540275322183	0.288639522956577
10	0.277200515538918	0.171527075229486	0.195339901775708	0.355932507455888
