Pos	A	C	G	T
1	0.117693724842353	0.241793896971114	0.0153035633250035	0.625208814861529
2	0.191973244746863	0.168570829074916	0.171976185711069	0.467479740467153
3	0.16854991665441	0.342829057079603	0.207936334176709	0.280684692089278
4	0.156636310184244	0.370156771380755	0.110379742210847	0.362827176224154
5	0.222972384193982	0.234404422791205	0.209987483404741	0.332635709610072
6	0.282857347403031	0.248375744362364	0.19151051157415	0.277256396660455
7	0.196315320930545	0.230378163248016	0.239780074445568	0.333526441375871
8	0.236136679195736	0.24332811170874	0.182073560968254	0.33846164812727
9	0.233889469720312	0.266359966672389	0.205377274706348	0.294373288900951
10	0.208504415188482	0.304892793139546	0.172424630613166	0.314178161058806
