Pos	A	C	G	T
1	0.386467230799712	0.190004371554267	0.239139503915557	0.184388893730464
2	0.365263094724688	0.151504889982246	0.323959303496446	0.15927271179662
3	0.230840298966519	0.442184017603603	0.162670409318428	0.16430527411145
4	0.143801347662856	0.012915560405482	0.254279184999519	0.589003906932143
5	0.038438705495366	0.698590621143869	0.225668003297212	0.0373026700635534
6	0.131629024404799	0.0226460975856154	0.0806394145977973	0.765085463411788
7	0.484547569158433	0.134722298099089	0.299829988359579	0.0809001443828988
8	0.185433364286673	0.119425840293469	0.504060144445369	0.191080650974489
9	0.296229186219563	0.183301700615772	0.252429861154336	0.268039252010329
