Pos	A	C	G	T
1	0.179232542538231	0.595072997465689	0.0714275809945726	0.154266879001507
2	0.0208252227462781	0.850789620424884	0.0387125905366993	0.0896725662921382
3	0.00105297032687374	0.993878585678154	0.00139321643092747	0.00367522756404425
4	0.0210504079969631	0.969635222578779	0.00847329914587113	0.000841070278386544
5	0.881075270917113	0.019514212787448	0.0986070796446436	0.000803436650795128
6	0.0587336219045878	0.81485675546104	0.0422249947399786	0.0841846278943933
7	0.214812793165954	0.210559214871298	0.372324921996833	0.202303069965914
8	0.21548156447265	0.355269038759801	0.158044297593187	0.271205099174363
9	0.244962742063631	0.240112154781167	0.221651455047608	0.293273648107594
