Pos	A	C	G	T
1	0.319888263634383	0.226703913706407	0.226703913706407	0.226703913706407
2	0.333161699050483	0.191217985258381	0.28440233518636	0.191217985258381
3	0.0935661132177423	0.0935661132177423	0.182389133540994	0.630478644777127
4	0.000184128315930016	0.000184128315930016	0.999447619805816	0.000184128315930016
5	0.000184128315930016	0.999447619805816	0.000184128315930016	0.000184128315930016
6	0.000184128315930016	0.000184128315930016	0.000184128315930016	0.999447619805816
7	0.000184128315930016	0.000184128315930016	0.999447619805816	0.000184128315930016
8	0.000184128315930016	0.000184128315930016	0.999447619805816	0.000184128315930016
9	0.0234802157979243	0.111478968995565	0.120418733234342	0.744622086725774
10	0.264276711379515	0.324610938090093	0.0589661442459494	0.352146211038047
11	0.347272053051014	0.339491919129415	0.156618016286589	0.156618016286589
