Pos	A	C	G	T
1	0.409568928670904	0.175055875801315	0.25855416639782	0.156821029129961
2	0.61833307343386	0.105322520519072	0.0991890144135666	0.177155391633501
3	0.451884730503768	0.140250081638743	0.0894274003269106	0.318437787530578
4	0.32767021224802	0.179829225301334	0.174514468496052	0.317986093954594
5	0.259003885962308	0.234356407439372	0.234356407439372	0.272283299158947
6	0.238111048997621	0.164471476057007	0.196908106867736	0.400509368077635
7	0.128750944071425	0.00873973503253962	0.786725875358032	0.0757834455380034
8	0.0637731048188192	0.792610197439853	0.000260626103557796	0.14335607163777
9	0.183572623962157	0.000113336995350814	0.790456289098291	0.0258577499442009
10	0.0675887832662691	0.425575359720064	0.224402663064038	0.282433193949629
