Pos	A	C	G	T
1	0.245814749656304	0.225257025779759	0.203375760351002	0.325552625581925
2	0.194419826028653	0.262561583802502	0.257545833396491	0.285472694251322
3	0.430172098951628	0.136541021860574	0.136692108342088	0.296594966112833
4	0.0858659997414631	0.67748061219858	0.136832322254179	0.0998212080874848
5	0.53349010102355	0.0203275216956351	0.395325278430563	0.0508571021442276
6	0.0508571021442276	0.395325278430563	0.0203275216956351	0.53349010102355
7	0.0998212080874848	0.136832322254179	0.67748061219858	0.0858659997414631
8	0.296594966112833	0.136692108342088	0.136541021860574	0.430172098951628
9	0.285472694251322	0.257545833396491	0.262561583802502	0.194419826028653
10	0.325552625581925	0.203375760351002	0.225257025779759	0.245814749656304
