Pos	A	C	G	T
1	0.295758707710708	0.264566161665831	0.239211078596603	0.200464052440487
2	0.368915497525697	0.0581792125920655	0.299248865417704	0.273656341688116
3	0.203840795690108	0.563320934639562	0.0982145795612604	0.134623663949596
4	0.153570378656188	0.765785324336887	0.0226350097118754	0.0580091004055135
5	0.140161275242702	0.11130460300226	0.617703305810122	0.13083063683021
6	0.13083063683021	0.617703305810122	0.11130460300226	0.140161275242702
7	0.0580091004055135	0.0226350097118754	0.765785324336887	0.153570378656188
8	0.134623663949596	0.0982145795612604	0.563320934639562	0.203840795690108
9	0.273656341688116	0.299248865417704	0.0581792125920655	0.368915497525697
10	0.200464052440487	0.239211078596603	0.264566161665831	0.295758707710708
