Pos	A	C	G	T
1	0.259794152297958	0.221381973296428	0.320502345783685	0.198321528621929
2	0.253449003571246	0.00544753184760322	0.635977148901451	0.1051263156797
3	0.0400299560957155	0.0174550337894657	0.78810243551373	0.154412574601089
4	0.0167145549259607	0.000465929889868518	0.949827027415463	0.0329924877687078
5	0.0131292496745671	0.0904541000677263	0.0467513223354608	0.849665327922246
6	0.0405013669530161	0.0282568448983528	0.86379521838431	0.0674465697643212
7	0.145419990607028	0.314073188297939	0.160713944523007	0.379792876572026
8	0.270268487676462	0.242115736960042	0.281298353896445	0.206317421467051
9	0.286004707597342	0.201544111059242	0.253663420170538	0.258787761172878
10	0.312355148187938	0.19135700815515	0.199166435803755	0.297121407853156
