Pos	A	C	G	T
1	0.167474073640405	0.260038203035634	0.210782870738557	0.361704852585404
2	0.346146140309437	0.178906094568023	0.218516397349668	0.256431367772872
3	0.0916314937511802	0.771066815372137	0.0275988755523174	0.109702815324366
4	0.00934150651527588	0.816043396567207	0.0178940371325461	0.156721059784971
5	0.0308807950728045	0.944007840215356	0.00833225786959137	0.0167791068422483
6	0.0475251121900196	0.855134057066092	0.0338269644447617	0.0635138662991261
7	0.38413713096657	0.0574548602892494	0.503205985749925	0.0552020229942559
8	0.123966563982494	0.578253228130187	0.160775966562415	0.137004241324903
9	0.391339515230579	0.172358310190447	0.210518915451328	0.225783259127645
10	0.232566499471609	0.323492588495369	0.148290947198497	0.295649964834524
