Pos	A	C	G	T
1	0.171777949671804	0.30279575963315	0.353648339937198	0.171777949671804
2	0.0421888335233084	0.149129756140458	0.766492575726879	0.0421888335233084
3	5.94719496297327e-05	0.839252238478058	0.16062881653664	5.94719496297327e-05
4	5.94719496297327e-05	5.94719496297327e-05	0.999821583065064	5.94719496297327e-05
5	5.94719496297327e-05	0.760066819208146	0.239814235806548	5.94719496297327e-05
6	5.94719496297327e-05	5.94719496297327e-05	0.999821583065064	5.94719496297327e-05
7	5.94719496297327e-05	0.919100419801823	0.0807806352128698	5.94719496297327e-05
8	5.94719496297327e-05	0.0833577323529654	0.916523322661732	5.94719496297327e-05
9	0.0782815220063145	0.223632284112418	0.619804670788907	0.0782815220063145
10	0.20787063815481	0.20787063815481	0.376388084449524	0.20787063815481
