Pos	A	C	G	T
1	0.249373290155675	0.317015583210406	0.218973546684133	0.214637579949787
2	0.217100295148917	0.383891298731417	0.170777140816832	0.228231265302834
3	0.137351342610206	0.0688921465153995	0.653630487089462	0.140126023784933
4	0.137581568322125	0.0999047233615983	0.610462560145993	0.152051148170283
5	0.836716447201959	0.0479177136481257	0.0493770252851473	0.065988813864768
6	0.485483642481693	0.0697659169999419	0.112746912599981	0.332003527918384
7	0.334381980552849	0.255260347241428	0.181686739754959	0.228670932450764
8	0.735517745503333	0.0202990617848708	0.0767516333182973	0.167431559393499
9	0.54555127652884	0.0604488045104565	0.0760808659541306	0.317919053006572
10	0.217961573505578	0.282680922403985	0.0859975475585642	0.413359956531873
