Pos	A	C	G	T
1	0.166001280457824	0.273689842031163	0.109070613417777	0.451238264093236
2	0.0340694105142318	0.942371837617318	0.0208718201170496	0.00268693175140056
3	2.98380779338521e-07	0.0342216982252047	0.965706437746614	7.15656474018799e-05
4	2.72444346064203e-05	1.06424345175621e-05	0.999338924491373	0.000623188639503223
5	0.525446807306737	0.152056013432872	0.205254148966859	0.117243030293532
6	0.246047302562462	0.263887744970653	0.294572102768111	0.195492849698774
7	0.378727354626028	0.158668411986346	0.158668411986346	0.303935821401281
8	0.229489703078571	0.117431849592278	0.0942412667808068	0.558837180548345
9	0.484435941692505	0.140188116157609	0.114776321918179	0.260599620231706
