Pos	A	C	G	T
1	0.252983328809277	0.240645186273555	0.243063710603195	0.263307774313973
2	0.269402792391821	0.251189498694508	0.220568351103716	0.258839357809955
3	0.252879284447739	0.285120597038693	0.209120834065829	0.252879284447739
4	0.26675334045078	0.280430076675291	0.166721442866958	0.286095140006971
5	0.113405888477495	0.0535691486074313	0.750675386194203	0.0823495767208698
6	0.849031277331347	0.0398091197843212	0.0356623683995658	0.0754972344847659
7	0.162403544164805	0.0546027501946881	0.0551515169573066	0.727842188683201
8	0.690435811458904	0.0555521938994186	0.0658462849285801	0.188165709713098
9	0.445769620614341	0.151381368656682	0.208471485769028	0.19437752495995
10	0.236453146284398	0.251074592267866	0.335542986635131	0.176929274812605
