Pos	A	C	G	T
1	0.291080467193681	0.305256061637659	0.201831738558626	0.201831738558626
2	0.235307099327544	0.469986363495599	0.0475145435396818	0.247191999585768
3	0.000124382091536115	0.999626859673984	0.000124382091536115	0.000124382091536115
4	0.000124382091536115	0.000124382091536115	0.000124382091536115	0.999626859673984
5	0.999626859673984	0.000124382091536115	0.000124382091536115	0.000124382091536115
6	0.000124382091536115	0.000124382091536115	0.000124382091536115	0.999626859673984
7	0.000124382091536115	0.999626859673984	0.000124382091536115	0.000124382091536115
8	0.999626859673984	0.000124382091536115	0.000124382091536115	0.000124382091536115
9	0.469606943119586	0.142673181022756	0.0482926450200578	0.339427236786193
10	0.202609840039002	0.295093159728114	0.202609840039002	0.299687166142474
