Pos	A	C	G	T
1	0.389880677643488	0.238851193726671	0.146326545571522	0.224941583058319
2	0.032311232115803	0.88484714514845	0.00415958335267107	0.0786820393830758
3	0.006678584439395	0.981327310711759	0.0046131275526388	0.00738097729620727
4	0.0104113301438335	0.985249244515692	0.00326380812533768	0.00107561721513667
5	0.00096964911728357	0.779910360921831	0.00443345412335328	0.214686535837532
6	0.0281398112493208	0.020433696843234	0.0561027787837621	0.895323713123683
7	0.536179137523107	0.0458084383430173	0.149077799988471	0.268934624145405
8	0.492369789704224	0.112081920786306	0.141066306609081	0.254481982900389
9	0.307870720849494	0.165617341796589	0.172376313733828	0.354135623620088
10	0.290046278298111	0.210616825704363	0.169023961801217	0.330312934196309
