Pos	A	C	G	T
1	0.208911450561794	0.202737184105861	0.420695999140667	0.167655366191678
2	0.330822542765273	0.213061766472002	0.41223027247824	0.0438854182844861
3	0.266732796762216	0.669310043492274	0.00561952643862897	0.0583376333068805
4	0.0374573454117935	0.00085487743648219	0.946908842536509	0.0147789346152149
5	0.00035222519734296	0.99876094517076	0.000520229851562813	0.000366599780334117
6	0.000179549305177201	0.994952075254886	3.19962925386512e-07	0.00486805547701158
7	0.943601239239805	0.01643977431157	0.0392402757280109	0.000718710720614092
8	0.00154313640254657	0.98615837876653	0.000311553866549133	0.011986930964374
9	0.75514731350702	0.0772396439451745	0.0934020083608947	0.0742110341869106
10	0.185590915109718	0.338168695568832	0.359079879848919	0.117160509472531
