Pos	A	C	G	T
1	0.253963332032672	0.259093731656517	0.225245269361127	0.261697666949684
2	0.322964826057142	0.140828581928915	0.379002734315795	0.157203857698148
3	0.0308076430693646	0.923123298624909	0.000109455501835541	0.0459596028038905
4	2.64952917933658e-05	0.0183423348694497	0.981627362360674	3.8074780824668e-06
5	0.00114628227606313	1.03220169508476e-05	0.998769379862749	7.40158442371348e-05
6	0.545563777508357	0.164320652047773	0.148683474531403	0.141432095912467
7	0.299055326096416	0.200462779969694	0.153029175613602	0.347452718320288
8	0.235032438912441	0.391397451013836	0.219142793521973	0.154427316551749
9	0.258789264426288	0.349328967874243	0.207683249420695	0.184198518278774
