Pos	A	C	G	T
1	0.271590500783084	0.15051063909435	0.342199367169365	0.235699490097892
2	0.0529881103711752	0.0529881103711752	0.129930888628846	0.764092887773496
3	0.00012734331436648	0.00012734331436648	0.999617967201592	0.00012734331436648
4	0.00012734331436648	0.00012734331436648	0.0770701215720368	0.922675188943921
5	0.00012734331436648	0.00012734331436648	0.00012734331436648	0.999617967201592
6	0.0770701215720368	0.00012734331436648	0.00012734331436648	0.922675188943921
7	0.0770701215720368	0.922675188943921	0.00012734331436648	0.00012734331436648
8	0.999617967201592	0.00012734331436648	0.00012734331436648	0.00012734331436648
9	0.184605990850352	0.183669419040069	0.346968350259196	0.284756236995074
10	0.4085823004566	0.197139232229364	0.197139232229364	0.197139232229364
