Pos	A	C	G	T
1	0.2799177255212	0.19923712985264	0.24092741910496	0.2799177255212
2	0.174789974151331	0.248038780122948	0.1114510081486	0.465720237577121
3	0.00197791433925233	0.945811155079698	0.0318820426528448	0.0203288879282048
4	6.97680248551417e-06	0.0877801536457141	0.911266540149006	0.000946329402794
5	0.00090602699970362	0.0328290510787959	0.945121817355586	0.0211431045659144
6	0.452251239174086	0.110414102368463	0.397119746755645	0.0402149117018063
7	0.244505191006699	0.22570673859772	0.350456482261291	0.17933158813429
8	0.330273792544546	0.21484610581459	0.192466475427815	0.262413626213049
9	0.293811345570646	0.12309271843144	0.166157790114735	0.416938145883179
10	0.392010806383713	0.165884109144483	0.206704328371479	0.235400756100325
