Pos	A	C	G	T
1	0.249210263922715	0.239438589706925	0.246730580365687	0.264620566004672
2	0.288431327466439	0.22239543244819	0.248255144207521	0.24091809587785
3	0.184141514998857	0.306649243525182	0.199478121817641	0.30973111965832
4	0.0252785410241533	0.9438392393549	0.0282178809979331	0.00266433862301339
5	0.0057594012072462	0.0557475527126206	0.935268366751485	0.0032246793286478
6	0.00783155148589795	0.0672327605122313	0.923490613849154	0.0014450741527169
7	0.529876900698622	0.176380698194895	0.217596997555177	0.076145403551306
8	0.233578471727661	0.199042443924324	0.442977105400905	0.124401978947109
9	0.329507069650709	0.172017774142932	0.175492763688447	0.322982392517912
10	0.316777175527347	0.167034204783378	0.148146049856179	0.368042569833097
