Pos	A	C	G	T
1	0.116440620285943	0.0765069392615979	0.663402201923031	0.143650238529428
2	0.444801155290881	0.453786734671673	0.0871497009512888	0.0142624090861564
3	0.00291937548900361	0.0185667012229699	0.0238401162733342	0.954673807014692
4	0.0505928964925629	0.0186120864920718	0.155059851442672	0.775735165572694
5	0.965859220037577	0.0220435069530699	0.00136754626937289	0.0107297267399807
6	0.0773093249423151	0.600531190539341	0.139465126584269	0.182694357934075
7	0.347681006514183	0.110088590698488	0.433237211868427	0.108993190918902
8	0.0896082586756914	0.0548963844061758	0.0467796130096883	0.808715743908445
9	0.657743586978366	0.172227309325745	0.10342173780975	0.0666073658861395
10	0.760955363946354	0.0725716755717927	0.0778337157771543	0.0886392447046989
