Pos	A	C	G	T
1	0.143100023126889	0.429896227423891	0.260745242449402	0.166258506999818
2	0.220263611016028	0.328594694883164	0.125816571060323	0.325325123040485
3	0.451280931492371	0.330990625622469	0.000252104915895705	0.217476337969264
4	5.01270388211522e-05	0.999050451006855	0.000490076038241759	0.000409345916082236
5	0.714364021645564	0.206725673770985	0.000544108103536715	0.0783661964799142
6	0.00467881554801919	0.995300785998781	4.26652752343829e-06	1.61319256767533e-05
7	0.00375711784612912	0.995905259663082	1.66333116932229e-05	0.000320989179095837
8	0.124465502617612	0.185680710796746	0.00168881751847667	0.688164969067165
9	0.196226142576205	0.69177985927378	0.107691190362579	0.00430280778743575
10	0.200729145483778	0.327653439963842	0.147224180788287	0.324393233764093
