Pos	A	C	G	T
1	0.218367973427987	0.241333933667652	0.236555201605732	0.303742891298629
2	0.00532812889791434	0.965841869476565	0.0277434596803235	0.00108654194519767
3	0.000300214236331852	0.205766300419323	0.793728180413608	0.000205304930736686
4	0.00123181740841059	0.0361794271351418	0.961496231422602	0.00109252403384545
5	0.317865840751187	0.089266779585249	0.513694848527876	0.0791725311356877
6	0.323185539939883	0.179150562838181	0.289520638717765	0.208143258504171
7	0.30724292352646	0.223104153078501	0.199864316057856	0.269788607337183
8	0.297100187431088	0.205217299110268	0.20936296354826	0.288319549910385
9	0.28633986510439	0.205856524862714	0.218585981441838	0.289217628591058
10	0.288849784343946	0.199518462456026	0.213985183292821	0.297646569907207
