Pos	A	C	G	T
1	0.225747847236372	0.225747847236372	0.225747847236372	0.322756459264036
2	0.233041341447714	0.194398317056976	0.19794940960981	0.374610932858652
3	3.4554824613895e-05	0.797238828572997	3.4554824613895e-05	0.202692062750929
4	3.4554824613895e-05	3.4554824613895e-05	0.999896336499312	3.4554824613895e-05
5	3.4554824613895e-05	0.999896336499312	3.4554824613895e-05	3.4554824613895e-05
6	3.4554824613895e-05	0.999896336499312	3.4554824613895e-05	3.4554824613895e-05
7	0.999896336499312	3.4554824613895e-05	3.4554824613895e-05	3.4554824613895e-05
8	3.4554824613895e-05	0.999896336499312	3.4554824613895e-05	3.4554824613895e-05
9	0.02428670783153	0.927139877478561	0.02428670783153	0.02428670783153
10	0.232054537339548	0.246285484332301	0.295019731175103	0.2266402481262
