Pos	A	C	G	T
1	0.225390613129751	0.225390613129751	0.225390613129751	0.323828162089792
2	0.283898104025916	0.375413280288892	0.170344308582118	0.170344308582118
3	0.61424705928969	0.194209346703145	0.095771797743104	0.095771797743104
4	0.62776684168598	0.184310023596688	0.187811486833612	0.000111649362764611
5	0.000111649362764611	0.911386680931078	0.0883900218224359	0.000111649362764611
6	0.000111649362764611	0.000111649362764611	0.99966505339075	0.000111649362764611
7	0.000111649362764611	0.000111649362764611	0.99966505339075	0.000111649362764611
8	0.911386680931078	0.000111649362764611	0.0883900218224359	0.000111649362764611
9	0.648375980730917	0.0247210366027749	0.302181947542577	0.0247210366027749
10	0.562434930478395	0.0797673411504078	0.0797673411504078	0.278030388699834
11	0.154339851989422	0.154339851989422	0.154339851989422	0.536980445510779
