Pos	A	C	G	T
1	0.316184242590874	0.227938585192671	0.227938585192671	0.227938585192671
2	0.197750809023726	0.197750809023726	0.406747571097708	0.197750809023726
3	0.209570000089971	0.0931610137200602	0.503916787059742	0.193352197299112
4	0.123544557461909	0.829748692941262	0.0233533738828574	0.0233533738828574
5	0.100233886160708	4.27025816558873e-05	4.27025816558873e-05	0.899680706844868
6	0.274187553878132	4.27025816558873e-05	0.725727039127445	4.27025816558873e-05
7	0.274187553878132	0.516730277053462	4.27025816558873e-05	0.209039464655637
8	4.27025816558873e-05	0.100233886160708	0.899680706844868	4.27025816558873e-05
9	0.0221041169312068	0.933687647375267	0.0221041169312068	0.0221041169312068
10	0.052291893100151	0.843124318868432	0.052291893100151	0.052291893100151
11	0.250124373608623	0.254798448088767	0.156881688403817	0.33819548806768
12	0.22668932824102	0.319932013445826	0.22668932824102	0.22668932824102
