Pos	A	C	G	T
1	0.229229203172503	0.229229203172503	0.312312390807017	0.229229203172503
2	0.184274716460919	0.267086590241761	0.184274716460919	0.364363977160923
3	0.545196557600771	0.242404352771729	0.0613826625459353	0.151016427406088
4	1.58940749673164e-05	0.999952318099622	1.58940749673164e-05	1.58940749673164e-05
5	1.58940749673164e-05	0.999952318099622	1.58940749673164e-05	1.58940749673164e-05
6	1.58940749673164e-05	0.999952318099622	1.58940749673164e-05	1.58940749673164e-05
7	1.58940749673164e-05	0.904225045763376	1.58940749673164e-05	0.0957431664112119
8	1.58940749673164e-05	1.58940749673164e-05	1.58940749673164e-05	0.999952318099622
9	0.84782595501253	0.0207866909835958	0.0207866909835958	0.110600663344802
10	0.802776467238988	0.0657411776951785	0.0657411776951785	0.0657411776951785
11	0.310594863690701	0.188633231610163	0.188633231610163	0.312138673413495
