Pos	A	C	G	T
1	0.2745288673908	0.275249662708453	0.274072704041527	0.176148765509312
2	0.0740008231402954	0.671519091829494	0.180479261540005	0.0740008231402954
3	9.36487908836978e-06	0.999971905012826	9.36487908836978e-06	9.36487908836978e-06
4	0.999971905012826	9.36487908836978e-06	9.36487908836978e-06	9.36487908836978e-06
5	9.36487908836978e-06	0.999971905012826	9.36487908836978e-06	9.36487908836978e-06
6	9.36487908836978e-06	9.36487908836978e-06	0.999971905012826	9.36487908836978e-06
7	9.36487908836978e-06	9.36487908836978e-06	9.36487908836978e-06	0.999971905012826
8	9.36487908836978e-06	9.36487908836978e-06	0.999971905012826	9.36487908836978e-06
9	0.0738605992822995	0.577171786255545	0.177537231556391	0.171430382555855
10	0.272951374253626	0.273390758513754	0.176008541651316	0.277649325231394
