Pos	A	C	G	T
1	0.226938777033232	0.226938777033232	0.226938777033232	0.319183669937407
2	0.282795994775816	0.109239151156158	0.400191499780211	0.207773355324917
3	0.0977069137488202	0.786541102197095	0.0203160461184726	0.0954359389727146
4	0.999390434524638	0.000203188837487983	0.000203188837487983	0.000203188837487983
5	0.000203188837487983	0.924270541670395	0.000203188837487983	0.0753230816917299
6	0.233165378446017	0.000203188837487983	0.76642824491611	0.000203188837487983
7	0.158045485591774	0.000203188837487983	0.000203188837487983	0.841548137770352
8	0.158045485591774	0.000203188837487983	0.76642824491611	0.0753230816917299
9	0.8348230590184	0.118648117891638	0.0232644120635318	0.0232644120635318
10	0.140964037940606	0.448176588679649	0.140964037940606	0.269895336476241
11	0.229887142978292	0.229887142978292	0.229887142978292	0.310338572102229
