Pos	A	C	G	T
1	0.130851380326454	0.130851380326454	0.219084748584339	0.519212499078792
2	0.183646504986593	0.317544411101072	0.000174831452863709	0.498634260775511
3	0.000174831452863709	0.0833420239330652	0.201750302949786	0.714732849980324
4	0.000174831452863709	0.801824420948119	0.197825924462193	0.000174831452863709
5	0.000174831452863709	0.999475513957449	0.000174831452863709	0.000174831452863709
6	0.000174831452863709	0.114658731981992	0.88499161342832	0.000174831452863709
7	0.000174831452863709	0.000174831452863709	0.999475513957449	0.000174831452863709
8	0.912383942989656	0.0872664024206574	0.000174831452863709	0.000174831452863709
9	0.336351260554765	0.11932345320542	0.239041939844298	0.305283354711557
