Pos	A	C	G	T
1	0.316932595433882	0.227689135378712	0.227689135378712	0.227689135378712
2	0.208691875636507	0.209583474366984	0.297364866041836	0.284359785524691
3	0.999767667760484	7.74446031783451e-05	7.74446031783451e-05	7.74446031783451e-05
4	7.74446031783451e-05	7.74446031783451e-05	0.999767667760484	7.74446031783451e-05
5	0.999767667760484	7.74446031783451e-05	7.74446031783451e-05	7.74446031783451e-05
6	7.74446031783451e-05	7.74446031783451e-05	7.74446031783451e-05	0.999767667760484
7	7.74446031783451e-05	0.999767667760484	7.74446031783451e-05	7.74446031783451e-05
8	7.74446031783451e-05	7.74446031783451e-05	7.74446031783451e-05	0.999767667760484
9	0.571845485239415	0.296936548134834	0.1088296585788	0.0223883096169708
10	0.131199499064186	0.243106786995891	0.403530280444408	0.222163435065533
