Pos	A	C	G	T
1	0.286729997026794	0.276761287596252	0.218254356610752	0.218254356610752
2	0.465755357704648	0.1585792363848	0.1585792363848	0.2170861673703
3	5.15784514823299e-05	5.15784514823299e-05	5.15784514823299e-05	0.999845262490105
4	5.15784514823299e-05	5.15784514823299e-05	0.121060812767931	0.878836028173656
5	0.9413383315046	5.15784514823299e-05	5.15784514823299e-05	0.0585585094369823
6	5.15784514823299e-05	0.999845262490105	5.15784514823299e-05	5.15784514823299e-05
7	0.0509268202082819	5.15784514823299e-05	0.52533286298729	0.423688736197495
8	0.365181805211995	5.15784514823299e-05	5.15784514823299e-05	0.63471503572959
9	0.904608333938949	0.0317972213018677	0.0317972213018677	0.0317972213018677
10	0.52575077670861	0.0914723415278192	0.21566182625107	0.167115053357051
