Pos	A	C	G	T
1	0.35381613534586	0.157397961789964	0.244392951432088	0.244392951432088
2	0.211817409607062	0.173421427288474	0.378314033823088	0.236447129281375
3	0.282620958947853	0.0496057439518631	0.49974932970399	0.168023967396294
4	0.471318929686375	0.430753068055582	0.00181400117402721	0.0961140010840161
5	0.095242796446146	0.793480831620619	0.0188484255189343	0.0924279464143003
6	0.926943808021791	0.00999308093956255	0.00725646610205494	0.0558066449365918
7	0.0807352469446931	0.8636566073763	0.0338241567913393	0.0217839888876679
8	0.0989754348438313	0.137671675360941	0.695667409441176	0.0676854803540517
9	0.101851140541573	0.136116663899837	0.133421373370012	0.628610822188578
10	0.318649575799324	0.182015525905367	0.277020632934028	0.222314265361281
