Pos	A	C	G	T
1	0.0928566894860843	0.2046000977403	0.31452303954715	0.388020173226466
2	0.00503464968914831	0.978816264020056	0.00176181398009613	0.0143872723106999
3	0.0259898964053313	0.026514927139786	0.015145566710969	0.932349609743914
4	0.00664546065882759	0.103952494738619	0.0978987727234264	0.791503271879127
5	0.00443287035855668	0.0090164195589375	0.952459236537296	0.0340914735452095
6	0.00599178021949947	0.00356223645972661	0.963322807295319	0.0271231760254549
7	0.00558661952550782	0.934839042425036	0.000406721895164572	0.0591676161542912
8	0.350978730503313	0.115668185805842	0.424420888633766	0.108932195057079
9	0.320351507386606	0.278500221175551	0.102454505749487	0.298693765688357
10	0.181145328936837	0.242087596906749	0.317126145896822	0.259640928259592
