Pos	A	C	G	T
1	0.260307413855202	0.183435534220083	0.215263593527641	0.340993458397074
2	0.329644113307341	0.188295705383366	0.165341598562728	0.316718582746565
3	0.250204664572016	0.206909032729703	0.194859588705031	0.34802671399325
4	0.242798494442886	0.257812314843035	0.144348693975199	0.35504049673888
5	0.183078978642208	0.28712499308985	0.149892390061545	0.379903638206397
6	0.132973028911316	0.419954477006133	0.126487857766496	0.320584636316056
7	0.00795223330982936	0.928390839974543	0.0218336598433948	0.0418232668722331
8	0.0154901882566887	0.428464037157206	0.544684543157301	0.0113612314288043
9	0.0373207404020298	0.125154530134399	0.705953389353865	0.131571340109705
10	0.451555145562	0.171176896478906	0.200877948875208	0.176390009083886
