Pos	A	C	G	T
1	0.0541094318023467	0.829653804154264	0.0417211631999612	0.0745156008434278
2	0.00404809841480291	0.0219385912452354	0.970923075018903	0.00309023532105896
3	1.88874894182365e-06	0.0387898802260337	0.96117778624128	3.04447837445274e-05
4	0.529452711456797	0.154755097823972	0.208897531804392	0.106894658914839
5	0.223729831572357	0.20243912314097	0.399590077254332	0.174240968032341
6	0.465497403749581	0.08335482697645	0.10283302122869	0.348314748045279
7	0.286461387884983	0.0483083177314352	0.0340422961417018	0.63118799824188
8	0.546686652035563	0.133469874115904	0.112603836870369	0.207239636978164
9	0.326637911589198	0.175713047665347	0.177478993152953	0.320170047592502
10	0.219101724633503	0.249519262842531	0.232650218624614	0.298728793899352
