Pos	A	C	G	T
1	0.318413152152073	0.227195616427121	0.227195616427121	0.227195616427121
2	0.326327160624378	0.325943665644652	0.126317710719959	0.221411464444446
3	5.78458739148411e-05	0.999826463811694	5.78458739148411e-05	5.78458739148411e-05
4	5.78458739148411e-05	0.999826463811694	5.78458739148411e-05	5.78458739148411e-05
5	5.78458739148411e-05	0.999826463811694	5.78458739148411e-05	5.78458739148411e-05
6	5.78458739148411e-05	0.999826463811694	5.78458739148411e-05	5.78458739148411e-05
7	0.0938244419491822	5.78458739148411e-05	0.906059867736422	5.78458739148411e-05
8	5.78458739148411e-05	0.999826463811694	5.78458739148411e-05	5.78458739148411e-05
9	0.743850564304195	0.0228622298051529	0.210424977518937	0.0228622298051529
10	0.219562019709952	0.332907483548357	0.123740135512315	0.323790362662811
