Pos	A	C	G	T
1	0.267089737677262	0.261349127555219	0.291659939824936	0.179901195208555
2	0.0530530400748652	0.138982089432104	0.0530530400748652	0.754911830684134
3	4.52347011061486e-05	4.52347011061486e-05	0.999864296162653	4.52347011061486e-05
4	4.52347011061486e-05	0.999864296162653	4.52347011061486e-05	4.52347011061486e-05
5	4.52347011061486e-05	4.52347011061486e-05	4.52347011061486e-05	0.999864296162653
6	4.52347011061486e-05	4.52347011061486e-05	0.999864296162653	4.52347011061486e-05
7	4.52347011061486e-05	0.124289701875608	0.87561982898815	4.52347011061486e-05
8	4.52347011061486e-05	0.194183028239126	0.217694330240298	0.588077407085441
9	0.0701440395590444	0.387839529552131	0.0701440395590444	0.471872391595749
10	0.321236661867235	0.284778949013267	0.196992194692734	0.196992194692734
