Pos	A	C	G	T
1	0.228158233770955	0.315525303625269	0.228158233770955	0.228158233770955
2	0.150576541376192	0.237943611230505	0.368682754198457	0.242797098132981
3	0.0228486860537496	0.748533158274686	0.118402404701636	0.110215755908063
4	0.0875561035198859	0.0957427523134594	0.000189033665572603	0.816512115439217
5	0.000189033665572603	0.803411705531426	0.196210232075565	0.000189033665572603
6	0.000189033665572603	0.000189033665572603	0.000189033665572603	0.999432903941416
7	0.999432903941416	0.000189033665572603	0.000189033665572603	0.000189033665572603
8	0.000189033665572603	0.0910719694527988	0.90854996815419	0.000189033665572603
9	0.933907601550683	0.0220308011291508	0.0220308011291508	0.0220308011291508
10	0.099612493523914	0.48011260369862	0.320662414191687	0.099612493523914
11	0.227340348846356	0.227340348846356	0.227340348846356	0.317978958399064
