Pos	A	C	G	T
1	0.225034358993637	0.439770542720994	0.163408483100555	0.171786615184813
2	0.250204169918688	0.265675931715016	0.318071838403113	0.166048059963184
3	0.21404954024263	0.329049266126139	0.231877098783479	0.225024094847753
4	0.166692382051482	0.35643435663291	0.329030381026088	0.14784288028952
5	0.0477626082842015	0.117477059914938	0.703623266038268	0.131137065762592
6	0.147147214459686	0.183356719902153	0.545353137934798	0.124142927703363
7	0.618209932260909	0.00169355199753067	0.184348519954407	0.195747995787153
8	0.608531089399833	0.00356458630571641	0.0857167283625953	0.302187595931855
9	0.280078527312762	0.141892541149669	0.111616626150386	0.466412305387183
10	0.228694249438071	0.171123574977613	0.14876768918119	0.451414486403125
