Pos	A	C	G	T
1	0.227467567616261	0.227467567616261	0.227467567616261	0.317597295178353
2	0.363601226926923	0.253472402268965	0.147678156094174	0.235248212737075
3	5.0341176246955e-05	0.999848974498398	5.0341176246955e-05	5.0341176246955e-05
4	5.0341176246955e-05	0.999848974498398	5.0341176246955e-05	5.0341176246955e-05
5	5.0341176246955e-05	0.999848974498398	5.0341176246955e-05	5.0341176246955e-05
6	5.0341176246955e-05	0.999848974498398	5.0341176246955e-05	5.0341176246955e-05
7	5.0341176246955e-05	5.0341176246955e-05	0.903088121466578	0.096811194208067
8	5.0341176246955e-05	0.999848974498398	5.0341176246955e-05	5.0341176246955e-05
9	0.753564257627237	0.115083414290642	0.0225827730667699	0.108769553042487
10	0.194633478379473	0.515651765241194	0.102372184588857	0.187342569817612
