Pos	A	C	G	T
1	0.166185527633427	0.359619881452113	0.0948504479261984	0.379344142517996
2	1.31022342391023e-05	1.31022342391023e-05	0.999960692827017	1.31022342391023e-05
3	1.31022342391023e-05	0.0791331144534393	1.31022342391023e-05	0.920840680607817
4	0.999960692827017	1.31022342391023e-05	1.31022342391023e-05	1.31022342391023e-05
5	0.549960502299403	1.31022342391023e-05	0.450013292761854	1.31022342391023e-05
6	0.999960692827017	1.31022342391023e-05	1.31022342391023e-05	1.31022342391023e-05
7	1.31022342391023e-05	1.31022342391023e-05	1.31022342391023e-05	0.999960692827017
8	1.31022342391023e-05	0.999960692827017	1.31022342391023e-05	1.31022342391023e-05
9	0.338112156422538	0.351562534726248	0.155162654190474	0.155162654190474
