Pos	A	C	G	T
1	0.219510134765153	0.302293501121883	0.273526471048795	0.204669893064169
2	0.195888330171561	0.197857040619289	0.170297133057193	0.435957496151957
3	0.108773981010831	0.741942806773736	0.0936226330859019	0.0556605791295306
4	0.0204634792002106	0.533064161197572	0.445252614632803	0.0012197449694142
5	0.0202895272955445	0.000677127872190397	0.889006774209155	0.0900265706231104
6	0.476752017452066	0.000668309745036733	0.458058303465603	0.0645213693372938
7	0.484662702512708	0.0885398904973622	0.268661759922726	0.158135647067203
8	0.395824254821293	0.151558291292043	0.170881496259066	0.281735957627598
9	0.418195193501019	0.137819973522668	0.111714699321465	0.332270133654849
10	0.369916797663828	0.156534762406473	0.138833879837779	0.334714560091921
