Pos	A	C	G	T
1	0.226601700386854	0.320194901101923	0.226601700386854	0.226601700386854
2	0.185721018737531	0.101266607340768	0.61174576884342	0.101266607340768
3	0.000150115666372675	0.000150115666372675	0.999549655263368	0.000150115666372675
4	0.000150115666372675	0.999549655263368	0.000150115666372675	0.000150115666372675
5	0.000150115666372675	0.000150115666372675	0.999549655263368	0.000150115666372675
6	0.000150115666372675	0.000150115666372675	0.999549655263368	0.000150115666372675
7	0.707660205280149	0.000150115666372675	0.292039565649592	0.000150115666372675
8	0.187144264844898	0.000150115666372675	0.812555506084842	0.000150115666372675
9	0.758174351260169	0.0235484158451399	0.0235484158451399	0.194728819312037
10	0.350365386086776	0.148883508891226	0.148883508891226	0.351867598393256
