Pos	A	C	G	T
1	0.475476967487719	0.174841010229291	0.174841010229291	0.174841010229291
2	0.0692716328042542	0.702024492963748	0.159432239603334	0.0692716328042542
3	0.328519360133789	0.621171921888972	0.025154358076415	0.025154358076415
4	0.000181107148567193	0.000181107148567193	0.000181107148567193	0.99945667672989
5	0.000181107148567193	0.000181107148567193	0.99945667672989	0.000181107148567193
6	0.000181107148567193	0.99945667672989	0.000181107148567193	0.000181107148567193
7	0.99945667672989	0.000181107148567193	0.000181107148567193	0.000181107148567193
8	0.000181107148567193	0.000181107148567193	0.592518261025986	0.407119522852471
9	0.165440289978411	0.0753400964631741	0.683879515270833	0.0753400964631741
10	0.270669497061819	0.36751155333735	0.180909473888211	0.180909473888211
11	0.324919752327441	0.22502674861605	0.22502674861605	0.22502674861605
