Pos	A	C	G	T
1	0.188587329336311	0.204294214994624	0.383584979315601	0.223533476353464
2	0.17935619978945	0.110982637656172	0.202223550569748	0.507437611984629
3	0.929359286362941	0.000455889606680947	0.0462700743519023	0.0239147496784763
4	0.0725971552371658	0.0486633284439206	0.832910119503803	0.0458293968151104
5	0.673579776853632	0.000290139464742063	0.00152593363289219	0.324604150048734
6	0.0179191581789434	0.00954359672806626	0.00391913289891791	0.968618112194072
7	0.0887453197269334	0.61141178895184	0.106247437669652	0.193595453651575
8	0.131977892842587	0.321383280127438	0.158006224854572	0.388632602175403
9	0.29961432890377	0.242862654884939	0.308738943654766	0.148784072556526
10	0.298259769745301	0.199929502599754	0.234619444726458	0.267191282928487
