Pos	A	C	G	T
1	0.175879249440046	0.175879249440046	0.175879249440046	0.472362249902752
2	0.554311249588302	0.0569152599427619	0.148275893886935	0.24049759480489
3	0.000127248048323515	0.999618254077919	0.000127248048323515	0.000127248048323515
4	0.000127248048323515	0.999618254077919	0.000127248048323515	0.000127248048323515
5	0.000127248048323515	0.999618254077919	0.000127248048323515	0.000127248048323515
6	0.000127248048323515	0.999618254077919	0.000127248048323515	0.000127248048323515
7	0.0909104507778391	0.000127248048323515	0.619310432771948	0.289651866624777
8	0.000127248048323515	0.999618254077919	0.000127248048323515	0.000127248048323515
9	0.594478312464185	0.0742479981640003	0.0742479981640003	0.257025689430703
10	0.193211987661284	0.420364035239037	0.193211987661284	0.193211987661284
