Pos	A	C	G	T
1	0.391559389183015	0.121196177282292	0.271205946669825	0.216038374713834
2	0.0425829579982929	0.515632428329671	0.0635249699588185	0.378259795817127
3	0.0197055617943145	0.349545987179066	0.137419270706099	0.493329102693825
4	0.00765258471791513	0.856964853300472	0.0260710761957578	0.109311474925601
5	2.26885577972859e-11	0.907542311891436	0.0924578754553891	2.26885577972859e-11
6	2.26885577972859e-11	0.0924578754553891	0.907542311891436	2.26885577972859e-11
7	0.109311474925601	0.0260710761957578	0.856964853300472	0.00765258471791513
8	0.493329102693825	0.137419270706099	0.349545987179066	0.0197055617943145
9	0.378259795817127	0.0635249699588185	0.515632428329671	0.0425829579982929
10	0.216038374713834	0.271205946669825	0.121196177282292	0.391559389183015
