Pos	A	C	G	T
1	0.0993211171052776	0.763839896589642	0.0478637392447356	0.0889752470603444
2	0.00334806607750823	0.0821365321040019	0.914504956664177	1.0445154313405e-05
3	0.00742698585775645	0.0637596218835322	0.920686975327835	0.00812641693087588
4	0.667254218082057	0.0885149186565428	0.16955394064484	0.0746769226165599
5	0.446129255149636	0.0815004645371547	0.185046791464801	0.287323488848409
6	0.361854726366354	0.208772015781741	0.16922730699812	0.260145950853785
7	0.611220342556559	0.0852388674559815	0.0786853918971634	0.224855398090296
8	0.491764491186831	0.0539468836202293	0.0788856965608007	0.375402928632139
9	0.209562879389066	0.328660017347303	0.119704216164611	0.34207288709902
10	0.241784033444784	0.216598390533539	0.18091818345779	0.360699392563887
