Pos	A	C	G	T
1	0.269972471696479	0.275426277394153	0.313663262203017	0.14093798870635
2	0.382797982412886	0.246535842609361	0.304145860009332	0.0665203149684201
3	0.0178712468910552	0.946899631407752	0.00961373785893082	0.0256153838422621
4	0.00278093808505398	0.00120056023649282	0.995045346464379	0.000973155214073835
5	0.0213015523886023	0.000662841059192752	0.961774438260462	0.0162611682917427
6	0.643545893933314	0.128636853321161	0.218545306166785	0.00927194657874098
7	0.291487357273423	0.224751789077231	0.325380944734287	0.158379908915059
8	0.461890134994529	0.171627608005687	0.156855823212287	0.209626433787498
9	0.350510188623688	0.103481181517259	0.100422850410255	0.445585779448799
