Pos	A	C	G	T
1	0.27528081613822	0.242607731281511	0.224973965349772	0.257137440101173
2	0.241343902650176	0.282465471376937	0.204031470349996	0.272159134625088
3	0.196189275366438	0.245027046325027	0.39633375423978	0.162449801098731
4	0.410714557079261	0.155415471497573	0.184635746846527	0.249234178439208
5	0.106170133719907	0.0676989438821232	0.0655910511267737	0.760539557183448
6	0.760539557183448	0.0655910511267737	0.0676989438821232	0.106170133719907
7	0.249234178439208	0.184635746846527	0.155415471497573	0.410714557079261
8	0.162449801098731	0.39633375423978	0.245027046325027	0.196189275366438
9	0.272159134625088	0.204031470349996	0.282465471376937	0.241343902650176
10	0.257137440101173	0.224973965349772	0.242607731281511	0.27528081613822
