Pos	A	C	G	T
1	0.0233483120624079	0.00207616967438429	0.953867423131789	0.0207080951314189
2	0.00066731108585231	0.997748312429268	7.41315654829751e-06	0.00157696332833129
3	0.00756170319495474	0.00571501233273084	0.985448092854939	0.0012751916173755
4	0.0714857242540426	0.225765707439311	0.698893079606389	0.00385548870025819
5	0.203995849113629	0.275365593621026	0.375440365891168	0.145198191374177
6	0.437994958255956	0.142908905052709	0.176303580729717	0.242792555961618
7	0.311612240055539	0.172735166937235	0.164310773438128	0.351341819569097
8	0.269593602750312	0.220724573412224	0.163516785744259	0.346165038093204
9	0.244055088533117	0.239222473994732	0.218632879204844	0.298089558267306
