Pos	A	C	G	T
1	0.169816687467255	0.169816687467255	0.169816687467255	0.490549937300288
2	0.860760586454937	0.0464131377490379	0.0464131377490379	0.0464131377490379
3	2.81864232104574e-05	0.999915440432421	2.81864232104574e-05	2.81864232104574e-05
4	2.81864232104574e-05	0.999915440432421	2.81864232104574e-05	2.81864232104574e-05
5	2.81864232104574e-05	0.999915440432421	2.81864232104574e-05	2.81864232104574e-05
6	2.81864232104574e-05	0.999915440432421	2.81864232104574e-05	2.81864232104574e-05
7	0.581636726923457	2.81864232104574e-05	0.418306899932174	2.81864232104574e-05
8	0.200336407067502	0.799607219788131	2.81864232104574e-05	2.81864232104574e-05
9	0.471273288642337	0.272398656599322	0.0802114988814689	0.176116555578924
10	0.203615048599686	0.304058837258205	0.203615048599686	0.288711065244475
