Pos	A	C	G	T
1	0.206968920686258	0.33447717474344	0.1763672802766	0.282186624293702
2	0.187643274762923	0.107183539324991	0.118456130556398	0.586717055355688
3	0.0275187656812253	0.939049468344357	0.0304129395317148	0.00301882644270347
4	0.0130279710488182	0.11184328661603	0.86014300858578	0.0149857337493718
5	0.0319106643782641	0.0193547963188512	0.918682207348021	0.0300523319548639
6	0.571469243202113	0.120086301610202	0.208139944651085	0.1003045105366
7	0.552819761127429	0.0511637881720373	0.0802407924399461	0.315775658260587
8	0.380462678354822	0.217323730353023	0.187052268186033	0.215161323106122
9	0.313841859186656	0.218960035297959	0.177485555115896	0.289712550399489
10	0.317368856964174	0.192493942202978	0.175926216757773	0.314210984075075
