Pos	A	C	G	T
1	0.228894926413095	0.243048998181773	0.231195358667875	0.296860716737257
2	0.115766598045384	0.736254670084212	0.0541401512819254	0.0938385805884788
3	0.0175663394421899	0.0230112801977328	0.921483193235238	0.0379391871248393
4	0.0390252722348346	0.15825528263539	0.753108600962191	0.0496108441675843
5	0.410336758130745	0.107444902800142	0.349665919835093	0.13255241923402
6	0.257477682672135	0.137130502748024	0.420284997667473	0.185106816912368
7	0.560847792328213	0.0927075165615653	0.0994295699748642	0.247015121135358
8	0.694750400083228	0.0186072752199351	0.0386115959657825	0.248030728731055
9	0.581595252961359	0.0262004022755048	0.0323228614481847	0.359881483314952
10	0.174174624946294	0.267751252590448	0.0603438108355041	0.497730311627754
