Pos	A	C	G	T
1	0.347483217792813	0.154580712333381	0.358065657245548	0.139870412628258
2	0.0894828659397028	0.738076268847576	0.0306933851859005	0.141747480026821
3	0.0291759092918716	0.033897570477172	0.919052588122946	0.0178739321080099
4	0.0260009380288924	0.0954051552434444	0.827271234141222	0.0513226725864409
5	0.525029716174097	0.133413704882736	0.253016540319996	0.088540038623171
6	0.311895262768096	0.156439199877775	0.271148715275729	0.260516822078401
7	0.460423436061182	0.133239275993276	0.161119540881843	0.245217747063698
8	0.217264626032937	0.116876297072743	0.0752725920817723	0.590586484812548
9	0.427226144805596	0.131277510899447	0.163581851575155	0.277914492719802
10	0.396777064535422	0.201014003097666	0.207135790879087	0.195073141487824
