Pos	A	C	G	T
1	0.23082633732164	0.23548933864821	0.240246538850107	0.293437785180044
2	0.234896641307869	0.237257391800122	0.278424128493084	0.249421838398925
3	0.263067683778339	0.265711557954307	0.202838754759865	0.268382003507489
4	0.0946439358925611	0.692370908187216	0.0660308334824385	0.146954322437784
5	8.43869901988697e-05	0.999902690343849	1.03604776283826e-06	1.18866181896269e-05
6	0.000730482184725603	0.0684394603074916	0.930711700583223	0.000118356924560364
7	0.00122676772590222	6.29372453787106e-05	0.986716579040467	0.0119937159882526
8	0.700294270868176	0.11692125031635	0.159413369048702	0.0233711097667723
9	0.335030637270278	0.152051911005532	0.297145519127404	0.215771932596787
