Pos	A	C	G	T
1	0.00727692740627778	0.014949961333084	0.81624023130206	0.161532879958578
2	2.17727676395564e-07	0.999979251732098	1.6370645317449e-05	4.15989490849667e-06
3	1.03882981999957e-07	4.29776408123228e-07	0.999999252919962	2.13420648215483e-07
4	0.000476899350548172	0.16070175337112	0.828444779312017	0.010376567966315
5	0.694142903030799	0.0291564994020444	0.147330424753065	0.129370172814092
6	0.379601382508391	0.304637245206847	0.221212042275688	0.0945493300090739
7	0.528521658080788	0.0276626681851073	0.0965521990641115	0.347263474669993
8	0.159435900983855	0.00755071278381691	0.00283386631247463	0.830179519919854
9	0.318233806287875	0.0430682623239811	0.0471241850780539	0.59157374631009
