Pos	A	C	G	T
1	0.238725819193144	0.253487799420691	0.224823509769227	0.282962871616938
2	0.151411575621979	0.181272567306754	0.17946887512564	0.487846981945628
3	0.0590511917384967	0.878665890702223	0.0144169518285925	0.0478659657306878
4	0.0449854700096424	0.0427915027485276	0.868128329220149	0.0440946980216813
5	0.0495319076924207	0.0345572393842384	0.88237493431097	0.0335359186123707
6	0.545172967901968	0.15935001210309	0.190776601297691	0.104700418697252
7	0.288828755638129	0.152297214710226	0.378355402218217	0.180518627433428
8	0.488405735042304	0.0995984383197431	0.138538253339808	0.273457573298145
9	0.338430218809358	0.0904066587161594	0.0612104497882165	0.509952672686267
10	0.292598067250591	0.190337703858796	0.200096526615642	0.316967702274971
