Pos	A	C	G	T
1	0.249802785684176	0.302073918072558	0.235255403950287	0.212867892292979
2	0.152203121797124	0.0980243538471848	0.144780087955513	0.604992436400179
3	0.00366885642354318	0.982283547270452	0.00085204154853209	0.0131955547574731
4	7.11000917655729e-05	0.0607236563195824	0.931068961354586	0.00813628223406659
5	0.00198983549429417	0.0428648425351274	0.923390265592295	0.0317550563782839
6	0.351496741308645	0.070259844994476	0.474470972065701	0.103772441631178
7	0.292343377079388	0.223168939377767	0.2865545903642	0.197933093178645
8	0.29580748265693	0.228082828605202	0.208452009890334	0.267657678847534
9	0.273596068062578	0.213076832061389	0.210956682158533	0.3023704177175
