Pos	A	C	G	T
1	0.25743484321834	0.219371502717926	0.232936678854108	0.290256975209626
2	0.0452099025180159	0.926409299038126	0.0148993285069408	0.0134814699369175
3	0.879633698831547	0.0545711617399533	0.0265626360905085	0.0392325033379911
4	0.000140754469727806	0.888257556959118	0.0179800308208748	0.09362165775028
5	0.0443478868827528	0.0359476984505021	0.917878529190604	0.00182588547614069
6	0.00102247579277446	0.000200333246688519	0.0141855938731504	0.984591597087387
7	6.31860761515167e-05	0.000833875376374946	0.990617694308952	0.00848524423852138
8	0.67102272433641	0.158983910140458	0.0474085694866976	0.122584796036434
9	0.0840857221000216	0.551056188448395	0.0306256159050281	0.334232473546556
