Pos	A	C	G	T
1	0.221523911487232	0.0660578277476577	0.658872826267948	0.0535454344971625
2	0.0260544184878029	0.0133322694309575	0.871475166018432	0.0891381460628076
3	0.469790469069432	0.0229263472771422	0.503854121546265	0.00342906210716102
4	0.0297903939969504	0.0109592734977259	0.084283489545606	0.874966842959717
5	0.00415176299686681	0.00487213901047309	0.966356739544621	0.0246193584480394
6	0.00803613866582585	0.0931255611048175	0.352111786949918	0.546726513279439
7	0.798636327605693	0.0611240669551795	0.0911863926978559	0.0490532127412712
8	0.0854983520584431	0.506992951580325	0.0573112592916582	0.350197437069574
9	0.0683218712970695	0.0676420573192099	0.783859612692273	0.080176458691448
10	0.0330804662842206	0.10138680611891	0.741698602966365	0.123834124630504
