Pos	A	C	G	T
1	0.27030731025277	0.27030731025277	0.202261112322209	0.25712426717225
2	0.21570119874294	0.393033209456458	0.143150154510368	0.248115437290234
3	0.216655783967828	0.124999513489684	0.477378580058704	0.180966122483784
4	0.147132626150602	0.204656793621259	0.455472070436614	0.192738509791525
5	0.574298169232691	0.120680761012142	0.132045785235453	0.172975284519714
6	0.407277666995034	0.12895908474259	0.152855828762838	0.310907419499538
7	0.308605830659273	0.270985369863302	0.15478929945098	0.265619500026446
8	0.51068309875443	0.110581105604368	0.153814793497392	0.22492100214381
9	0.466346806584797	0.137679645580876	0.0895618616151463	0.306411686219181
