Pos	A	C	G	T
1	0.24836751607051	0.183995181339814	0.355992466383507	0.211644836206169
2	0.433712901960082	0.105888091855752	0.35866284579648	0.101736160387685
3	0.000208940011080092	0.00320365358235224	4.47927897191641e-05	0.996542613616848
4	0.0265294086133455	0.00318436812044577	0.81913907164	0.151147151626209
5	0.919833650011925	0.0418542288245196	0.0166797071390708	0.0216324140244849
6	0.0331108863627537	0.734993841980982	0.0469865843397656	0.184908687316499
7	0.175662276994511	0.0446370071255242	0.748868402639534	0.0308323132404303
8	0.107891963056015	0.148581017865118	0.0504574488719675	0.6930695702069
9	0.378401599302521	0.370908745614738	0.123464796128808	0.127224858953932
10	0.491559415891551	0.130006288110338	0.193946591438568	0.184487704559542
