Pos	A	C	G	T
1	0.259026734121467	0.142076505477019	0.142076505477019	0.456820254924495
2	0.0643981708444173	0.0643981708444173	0.0643981708444173	0.806805487466748
3	0.487355238730521	0.0416834098160397	0.118886071574954	0.352075279878485
4	0.387795449613836	0.536068762105297	0.000200917792476031	0.075934870488391
5	0.159797957067886	0.0774035795513908	0.762597545588247	0.000200917792476031
6	0.000200917792476031	0.000200917792476031	0.000200917792476031	0.999397246622572
7	0.999397246622572	0.000200917792476031	0.000200917792476031	0.000200917792476031
8	0.999397246622572	0.000200917792476031	0.000200917792476031	0.000200917792476031
9	0.108124412315457	0.108124412315457	0.108124412315457	0.675626763053629
10	0.442591759155824	0.185802746948059	0.185802746948059	0.185802746948059
11	0.208517507976436	0.208517507976436	0.208517507976436	0.374447476070691
