Pos	A	C	G	T
1	0.21299106338205	0.328753464268163	0.123434628354698	0.334820843995089
2	7.70265294772826e-05	0.999768920411568	7.70265294772826e-05	7.70265294772826e-05
3	7.70265294772826e-05	7.70265294772826e-05	0.999768920411568	7.70265294772826e-05
4	7.70265294772826e-05	7.70265294772826e-05	0.999768920411568	7.70265294772826e-05
5	0.999768920411568	7.70265294772826e-05	7.70265294772826e-05	7.70265294772826e-05
6	7.70265294772826e-05	0.386503719611108	0.613342227329937	7.70265294772826e-05
7	7.70265294772826e-05	7.70265294772826e-05	7.70265294772826e-05	0.999768920411568
8	7.70265294772826e-05	7.70265294772826e-05	7.70265294772826e-05	0.999768920411568
9	0.126642398174779	0.324405701811818	0.220127186205473	0.32882471380793
