Pos	A	C	G	T
1	0.225408482492666	0.225408482492666	0.225408482492666	0.323774552522002
2	0.099504079698757	0.503323222573894	0.188434335963303	0.208738361764047
3	7.32309954582137e-05	0.999780307013625	7.32309954582137e-05	7.32309954582137e-05
4	7.32309954582137e-05	7.32309954582137e-05	0.999780307013625	7.32309954582137e-05
5	7.32309954582137e-05	7.32309954582137e-05	0.999780307013625	7.32309954582137e-05
6	0.999780307013625	7.32309954582137e-05	7.32309954582137e-05	7.32309954582137e-05
7	7.32309954582137e-05	7.32309954582137e-05	0.999780307013625	7.32309954582137e-05
8	0.194866946604352	7.32309954582137e-05	7.32309954582137e-05	0.804986591404732
9	0.209753892593564	0.0246647485027923	0.0246647485027923	0.740916610400852
10	0.248188997482318	0.254097274195887	0.150569151296701	0.347144577025093
