Pos	A	C	G	T
1	0.290083620691042	0.301922157829935	0.160801265819642	0.247192955659381
2	0.21357007651132	0.300054764393834	0.195188353167425	0.291186805927421
3	0.558533026450193	0.168226914762694	0.164895798665438	0.108344260121675
4	0.0464530424778121	0.698155573583739	0.146707669358452	0.108683714579997
5	0.0660232313694324	0.0790441589624903	0.812411244025404	0.0425213656426729
6	0.00193117057320874	0.0954045558942081	0.0242429616313712	0.878421311901212
7	0.138739251564699	0.0335352218050335	0.744413219450768	0.0833123071794997
8	0.0731652287033683	0.0575538073617085	0.408593302170547	0.460687661764376
9	0.157919034801794	0.483998817500711	0.0977176759933272	0.260364471704168
10	0.287134037511784	0.323742723269251	0.20233993639936	0.186783302819605
