Pos	A	C	G	T
1	0.289598860707284	0.175664595739836	0.264726766487936	0.270009777064943
2	0.0724761141010443	0.255027598487201	0.0724761141010443	0.60002017331071
3	9.98678748016374e-05	9.98678748016374e-05	0.999700396375595	9.98678748016374e-05
4	9.98678748016374e-05	9.98678748016374e-05	9.98678748016374e-05	0.999700396375595
5	9.98678748016374e-05	9.98678748016374e-05	9.98678748016374e-05	0.999700396375595
6	9.98678748016374e-05	9.98678748016374e-05	9.98678748016374e-05	0.999700396375595
7	9.98678748016374e-05	0.999700396375595	9.98678748016374e-05	9.98678748016374e-05
8	0.999700396375595	9.98678748016374e-05	9.98678748016374e-05	9.98678748016374e-05
9	0.0744352721349654	0.0744352721349654	0.467483269634274	0.383646186095795
10	0.271237902255316	0.283573582150815	0.267564761820112	0.177623753773757
