Pos	A	C	G	T
1	0.244529707552232	0.254509154228757	0.227997988107805	0.272963150111207
2	0.140909058317559	0.167020190413992	0.301302488614365	0.390768262654084
3	0.38359541560205	0.10350173668955	0.35057981285112	0.16232303485728
4	0.396447285445387	0.0581219321828172	0.0312663701232751	0.51416441224852
5	0.717948730829896	0.107382600377326	0.140667389115177	0.0340012796776014
6	0.0253858889230099	0.957373373030737	0.000224067813575645	0.0170166702326771
7	0.0277116956785316	0.0279902028502392	0.899513939447425	0.0447841620238041
8	0.626416044056322	0.0891227611243583	0.208515787469626	0.0759454073496932
9	0.22879446485473	0.260557630518414	0.321444232113483	0.189203672513373
