Pos	A	C	G	T
1	0.0236190153692562	0.890739594753124	0.00877627557757432	0.0768651143000451
2	0.0926145618100038	0.000251188000372848	0.896453464635102	0.0106807855545218
3	0.00370882358590777	0.00258755841361903	0.000719437756243097	0.99298418024423
4	0.342311032887985	0.227174802616262	0.253590250316646	0.176923914179106
5	0.185343411220523	0.302539056372085	0.235617654022211	0.276499878385181
6	0.305985951898377	0.197066097376992	0.263364549479618	0.233583401245014
7	0.365673262400468	0.169311499245433	0.204739862334717	0.260275376019382
8	0.417528686292151	0.215800258722717	0.211527127299976	0.155143927685157
9	0.422111886921208	0.115038909428862	0.417911803470595	0.0449374001793348
10	0.127309930418961	0.19966171519479	0.274959691454825	0.398068662931424
