Pos	A	C	G	T
1	0.126558509839267	0.422412738086839	0.223640492772027	0.227388259301866
2	4.79929124066958e-05	4.79929124066958e-05	0.99985602126278	4.79929124066958e-05
3	4.79929124066958e-05	4.79929124066958e-05	4.79929124066958e-05	0.99985602126278
4	4.79929124066958e-05	4.79929124066958e-05	0.99985602126278	4.79929124066958e-05
5	4.79929124066958e-05	0.99985602126278	4.79929124066958e-05	4.79929124066958e-05
6	4.79929124066958e-05	0.99985602126278	4.79929124066958e-05	4.79929124066958e-05
7	4.79929124066958e-05	4.79929124066958e-05	4.79929124066958e-05	0.99985602126278
8	0.195723735518739	4.79929124066958e-05	0.504817288582822	0.299410982986033
9	0.12348948307314	0.430588930626725	0.12348948307314	0.322432103226996
