Pos	A	C	G	T
1	0.151348112203105	0.34695495053043	0.25144175528552	0.250255181980945
2	0.0491500195166111	0.154288660757318	0.0491500195166111	0.74741130020946
3	9.16272822065315e-05	9.16272822065315e-05	9.16272822065315e-05	0.99972511815338
4	9.16272822065315e-05	0.99972511815338	9.16272822065315e-05	9.16272822065315e-05
5	9.16272822065315e-05	0.295268916910548	0.704547828525039	9.16272822065315e-05
6	9.16272822065315e-05	9.16272822065315e-05	0.99972511815338	9.16272822065315e-05
7	0.99972511815338	9.16272822065315e-05	9.16272822065315e-05	9.16272822065315e-05
8	0.0990756639771005	9.16272822065315e-05	0.295268916910548	0.605563791830145
9	0.509845809609503	0.292667160232293	0.0987435150791018	0.0987435150791018
10	0.300885898378014	0.200941607765595	0.200941607765595	0.297230886090795
