Pos	A	C	G	T
1	0.25298272847504	0.24389179674171	0.249128422486731	0.253997052296519
2	0.776316379368317	0.0745612068772276	0.0745612068772276	0.0745612068772276
3	6.22666557077353e-05	6.22666557077353e-05	6.22666557077353e-05	0.999813200032877
4	6.22666557077353e-05	6.22666557077353e-05	0.809937882784266	0.189937583904319
5	0.999813200032877	6.22666557077353e-05	6.22666557077353e-05	6.22666557077353e-05
6	6.22666557077353e-05	0.999813200032877	6.22666557077353e-05	6.22666557077353e-05
7	6.22666557077353e-05	6.22666557077353e-05	0.999813200032877	6.22666557077353e-05
8	6.22666557077353e-05	6.22666557077353e-05	6.22666557077353e-05	0.999813200032877
9	0.503178557107241	0.206688403956174	0.192609913100655	0.0975231258359299
10	0.47349682066456	0.17550105977848	0.17550105977848	0.17550105977848
