Pos	A	C	G	T
1	0.301982918277209	0.291009985797745	0.203503547962523	0.203503547962523
2	0.098852634700322	0.098852634700322	0.098852634700322	0.703442095899034
3	0.098852634700322	0.098852634700322	0.244969384516941	0.557325346082415
4	0.886036660545304	0.0379877798182319	0.0379877798182319	0.0379877798182319
5	0.00013005727722489	0.999609828168325	0.00013005727722489	0.00013005727722489
6	0.185036390026168	0.00013005727722489	0.814703495419383	0.00013005727722489
7	0.00013005727722489	0.00013005727722489	0.00013005727722489	0.999609828168325
8	0.999609828168325	0.00013005727722489	0.00013005727722489	0.00013005727722489
9	0.860120472055893	0.0466265093147022	0.0466265093147022	0.0466265093147022
10	0.151277422576903	0.151277422576903	0.3309931693918	0.366451985454394
11	0.151277422576903	0.546167732269291	0.151277422576903	0.151277422576903
12	0.363573167623021	0.212142277458993	0.212142277458993	0.212142277458993
