Pos	A	C	G	T
1	0.371678757831577	0.174616327843132	0.174616327843132	0.27908858648216
2	0.130688825360703	0.0213029481711303	0.826705278297036	0.0213029481711303
3	0.000176685312856683	0.000176685312856683	0.99946994406143	0.000176685312856683
4	0.516903483880999	0.000176685312856683	0.206451487513649	0.276468343292495
5	0.000176685312856683	0.99946994406143	0.000176685312856683	0.000176685312856683
6	0.000176685312856683	0.99946994406143	0.000176685312856683	0.000176685312856683
7	0.000176685312856683	0.99946994406143	0.000176685312856683	0.000176685312856683
8	0.000176685312856683	0.000176685312856683	0.000176685312856683	0.99946994406143
9	0.075560357469725	0.075560357469725	0.557633865627286	0.291245419433264
10	0.228873737141726	0.228873737141726	0.228873737141726	0.313378788574821
