Pos	A	C	G	T
1	0.286577041157994	0.379134450537985	0.167144254152011	0.167144254152011
2	0.000136388620279078	0.000136388620279078	0.000136388620279078	0.999590834139163
3	0.000136388620279078	0.000136388620279078	0.320771032148162	0.67895619061128
4	0.999590834139163	0.000136388620279078	0.000136388620279078	0.000136388620279078
5	0.000136388620279078	0.916905233094972	0.000136388620279078	0.0828219896644704
6	0.165978131448624	0.000136388620279078	0.0991558908290928	0.734729589102004
7	0.825426657701388	0.000136388620279078	0.000136388620279078	0.174300565058054
8	0.999590834139163	0.000136388620279078	0.000136388620279078	0.000136388620279078
9	0.257156310906043	0.0829921344682685	0.170298581967515	0.489552972658173
