Pos	A	C	G	T
1	0.235335487727588	0.174340817290448	0.311379399698619	0.278944295283346
2	0.0501693631288497	0.884837970148918	0.0195975497234491	0.0453951169987834
3	0.000602100691511516	0.00436086055834749	0.99492704487395	0.00010999387619149
4	0.0157335399534869	0.0852676161769984	0.885183294323848	0.0138155495456663
5	0.241427390781715	0.209886890431892	0.253805637800153	0.29488008098624
6	0.22035068001408	0.248444697954214	0.401505116691805	0.129699505339901
7	0.233495554116622	0.24302468844896	0.130733779362985	0.392745978071432
8	0.142671290209086	0.181370756446209	0.114496392326606	0.5614615610181
9	0.533719479126584	0.087345400677948	0.0918236951333342	0.287111425062134
10	0.272932438719362	0.20422540031407	0.179329390897644	0.343512770068924
