Pos	A	C	G	T
1	0.334465400818287	0.0902454733274816	0.535142699098902	0.040146426755329
2	0.142028214829139	0.0638173906532167	0.769719169631072	0.0244352248865727
3	0.180206539114394	0.641688916421088	0.166351601984507	0.0117529424800108
4	0.25134395960249	0.0383526013892741	0.214181194075223	0.496122244933013
5	0.162725451805561	0.0986979756439971	0.192879267452893	0.545697305097549
6	7.78864782467054e-05	0.999741833231386	7.40879098796266e-05	0.000106192380487308
7	0.0191372111768865	0.602829659416065	0.18523673737363	0.192796392033418
8	0.34195947620146	0.106132916686365	0.125799861029517	0.426107746082658
9	0.207637925096402	0.363506005450437	0.335558335645541	0.0932977338076201
10	0.236348436055908	0.046773048038707	0.0481974994180671	0.668681016487318
