Pos	A	C	G	T
1	0.275818374587721	0.176852529744051	0.274313725970309	0.273015369697919
2	0.596139731538366	0.101011781312974	0.201836705835686	0.101011781312974
3	6.12143457043445e-05	6.12143457043445e-05	6.12143457043445e-05	0.999816356962887
4	6.12143457043445e-05	6.12143457043445e-05	0.999816356962887	6.12143457043445e-05
5	0.999816356962887	6.12143457043445e-05	6.12143457043445e-05	6.12143457043445e-05
6	6.12143457043445e-05	0.999816356962887	6.12143457043445e-05	6.12143457043445e-05
7	6.12143457043445e-05	6.12143457043445e-05	6.12143457043445e-05	0.999816356962887
8	0.0963226093961572	0.903554961912434	6.12143457043445e-05	6.12143457043445e-05
9	0.684112551144586	0.169470079652107	0.0732086846016538	0.0732086846016538
10	0.245813397861416	0.254281790446155	0.247966918543294	0.251937893149135
