Pos	A	C	G	T
1	0.297313179228716	0.168138166130658	0.182141900949465	0.352406753691161
2	0.88794891621935	0.102402816275966	0.00366531476425064	0.00598295274043317
3	0.185344284297803	0.814207372985514	7.59420365308156e-05	0.000372400680152936
4	0.0219529685729874	0.942845445172385	0.00111505348613023	0.0340865327684972
5	0.146009215165641	0.504551409800164	0.0912560906759455	0.258183284358249
6	0.12492056370762	0.225355249751063	0.195914442266073	0.453809744275243
7	0.274444881809485	0.224696464769866	0.218055680641161	0.282802972779488
8	0.333952805036195	0.240086597400065	0.208721260663559	0.217239336900182
9	0.318802006477072	0.168101882803251	0.297249020616352	0.215847090103326
10	0.194907934847096	0.123042191658059	0.540517664279956	0.141532209214889
