Pos	A	C	G	T
1	0.361828736201984	0.177518078854457	0.283135106089102	0.177518078854457
2	0.0267694288557816	0.511855083459787	0.0267694288557816	0.434606058828649
3	0.80345986324023	9.46041572850877e-05	0.1963509284452	9.46041572850877e-05
4	9.46041572850877e-05	0.999716187528145	9.46041572850877e-05	9.46041572850877e-05
5	9.46041572850877e-05	9.46041572850877e-05	0.999716187528145	9.46041572850877e-05
6	9.46041572850877e-05	9.46041572850877e-05	0.999716187528145	9.46041572850877e-05
7	9.46041572850877e-05	0.999716187528145	9.46041572850877e-05	9.46041572850877e-05
8	0.290789528455038	9.46041572850877e-05	0.709021263230391	9.46041572850877e-05
9	0.0725765253028279	0.782270424091516	0.0725765253028279	0.0725765253028279
10	0.223325175301503	0.223325175301503	0.33002447409549	0.223325175301503
