Pos	A	C	G	T
1	0.315231299240585	0.228256233586472	0.228256233586472	0.228256233586472
2	0.120747979195409	0.419293068131283	0.199858768307233	0.260100184366075
3	0.0190506398219349	0.863212399727488	0.0190506398219349	0.0986863206286417
4	0.0760319552699012	0.8442186279115	5.68680059461187e-05	0.0796925488126529
5	0.0760319552699012	0.0796925488126529	0.8442186279115	5.68680059461187e-05
6	5.68680059461187e-05	0.999829395982162	5.68680059461187e-05	5.68680059461187e-05
7	5.68680059461187e-05	5.68680059461187e-05	0.999829395982162	5.68680059461187e-05
8	5.68680059461187e-05	5.68680059461187e-05	0.999829395982162	5.68680059461187e-05
9	0.718618528278753	0.0218006344194743	0.237780202882298	0.0218006344194743
10	0.514487266684789	0.129308888810537	0.226894955694137	0.129308888810537
11	0.231006228184011	0.306981315447966	0.231006228184011	0.231006228184011
