Pos	A	C	G	T
1	0.202035457525915	0.202035457525915	0.202035457525915	0.393893627422255
2	7.71050448288731e-05	0.999768684865513	7.71050448288731e-05	7.71050448288731e-05
3	7.71050448288731e-05	7.71050448288731e-05	0.999768684865513	7.71050448288731e-05
4	7.71050448288731e-05	7.71050448288731e-05	0.999768684865513	7.71050448288731e-05
5	0.809648462679616	0.0956102555878026	0.0946641766877523	7.71050448288731e-05
6	0.0910186501682432	0.301638790622793	0.421100720777959	0.186241838431005
7	0.405915653249361	7.71050448288731e-05	0.0956102555878026	0.498396986118008
8	0.0956102555878026	7.71050448288731e-05	7.71050448288731e-05	0.90423553432254
9	0.855875057443259	0.0480416475189139	0.0480416475189139	0.0480416475189139
