Pos	A	C	G	T
1	0.382525212727423	0.144777613258685	0.23101562648941	0.241681547524482
2	0.414346470853642	0.0253733453651159	0.0253733453651159	0.534906838416126
3	0.575214316126613	6.35481472537668e-05	6.35481472537668e-05	0.424658587578879
4	6.35481472537668e-05	6.35481472537668e-05	6.35481472537668e-05	0.999809355558239
5	6.35481472537668e-05	6.35481472537668e-05	0.999809355558239	6.35481472537668e-05
6	6.35481472537668e-05	6.35481472537668e-05	6.35481472537668e-05	0.999809355558239
7	6.35481472537668e-05	0.999809355558239	6.35481472537668e-05	6.35481472537668e-05
8	6.35481472537668e-05	0.999809355558239	6.35481472537668e-05	6.35481472537668e-05
9	0.195116960365021	0.203472906247418	0.105285934888568	0.496124198498993
10	0.325929391653586	0.224690202782138	0.224690202782138	0.224690202782138
