Pos	A	C	G	T
1	0.186369294391893	0.342999901132285	0.254100576463698	0.216530228012124
2	0.0506356815999993	0.16152444566302	0.0711404788563796	0.716699393880601
3	0.00642867934475486	0.973374720438057	0.0112545121410196	0.0089420880761691
4	0.00432334719441623	0.000130553772974757	0.976553869652533	0.0189922293800762
5	0.0109683609073821	0.0486676650207144	0.0289339268790858	0.911430047192818
6	0.581186132630153	0.0069941289259521	0.014368970743254	0.397450767700641
7	0.140163714736202	0.252853717618045	0.0328782429540185	0.574104324691735
8	0.606044815085897	0.160285072954876	0.168503064376561	0.0651670475826657
9	0.279809648686091	0.217915973516862	0.303114173828221	0.199160203968826
