Pos	A	C	G	T
1	0.28970711783158	0.24198372556589	0.249353227151071	0.218955929451459
2	0.218408588444022	0.288982914627159	0.25122967672661	0.24137882020221
3	0.163121435952186	0.318777997897418	0.434629928143361	0.0834706380070357
4	0.634038015187759	0.113534745042098	0.151730954112793	0.10069628565735
5	0.119632224865392	0.681585869276179	0.0307048997896859	0.168077006068744
6	0.0816558186846917	0.0967870380227226	0.634294324077615	0.18726281921497
7	0.021025604538972	0.939869426976637	0.031054414081788	0.00805055440260353
8	0.591612029813345	0.0784805689886557	0.240531501696214	0.0893758995017851
9	0.336976471844236	0.26243754016001	0.228152236821303	0.172433751174451
10	0.32501307220074	0.217862777534501	0.185650412727969	0.271473737536791
