Pos	A	C	G	T
1	0.337263279042171	0.344076449219478	0.232959325312309	0.0857009464260412
2	0.046884450944423	0.8024632693177	0.0219262836583138	0.128725996079563
3	0.000646752895894019	0.883780756142993	0.00626018050462074	0.109312310456493
4	0.005299539306636	0.989915803577565	0.000858661836025225	0.0039259952797738
5	0.0115867150748739	0.943748007120719	0.0377075066283886	0.00695777117601848
6	0.0184923940523548	0.248976749051609	0.0757440213349206	0.656786835561116
7	0.148407562086398	0.107766008309315	0.270416208970347	0.47341022063394
8	0.382474088869905	0.129886489279034	0.277733191353528	0.209906230497533
9	0.275962908264829	0.252211107845204	0.217080112270866	0.254745871619101
10	0.237010798407819	0.237010798407819	0.206047289479155	0.319931113705207
