Pos	A	C	G	T
1	0.129132320649073	0.67238938846929	0.0499407658568894	0.148537525024747
2	0.0073434525468808	0.730558350507941	0.00644825212873954	0.255649944816438
3	0.0021069130998509	0.997471811669074	0.000321494092828881	9.97811382459365e-05
4	0.000557660933539403	0.92149361804444	0.0267355957604634	0.0512131252615568
5	0.000686700725358037	0.120800846396081	0.0462537847123301	0.832258668166231
6	0.387559944201379	0.0936786709237707	0.22584988019411	0.29291150468074
7	0.302867606407189	0.102852484017433	0.173000721942342	0.421279187633036
8	0.277516777354403	0.241261495860091	0.168322434064303	0.312899292721203
9	0.235533138345169	0.25009769421489	0.208899153926693	0.305470013513248
