Pos	A	C	G	T
1	0.285110630747409	0.250354342171675	0.233428841430248	0.231106185650668
2	0.208777168254676	0.296268904339893	0.245002276555128	0.249951650850303
3	0.167018198510384	0.326393196717445	0.414927073980922	0.0916615307912484
4	0.604131054732435	0.120758315151999	0.161384731768871	0.113725898346695
5	0.127038989247316	0.661489454091772	0.038263408256222	0.17320814840469
6	0.106019368760766	0.100848743133084	0.592068182437106	0.201063705669043
7	0.0566365493612316	0.940728452637925	0.00043896066383406	0.00219603733700925
8	0.588855803871857	0.0721091785237584	0.249181448187496	0.0898535694168884
9	0.337555631058682	0.262888589809763	0.228544360548899	0.171011418582656
10	0.326307824607965	0.220928955867915	0.188263237550721	0.2644999819734
