Pos	A	C	G	T
1	0.234749906866212	0.55475175267676	0.113128090555611	0.0973702499014173
2	0.00761003589025867	0.671469025318932	0.00374142998836396	0.317179508802445
3	0.0215496677281279	0.963295672266211	0.0115925238875736	0.00356213611808694
4	0.0219728466316994	0.962763164449334	0.014437189002666	0.000826799916300249
5	0.0461463274790285	0.388315199433448	0.153211202754217	0.412327270333307
6	0.118184523126849	0.169397353333202	0.161135746924446	0.551282376615503
7	0.381491297351978	0.122008173574031	0.325085439591934	0.171415089482057
8	0.303632593781793	0.241246298584249	0.201505846826778	0.25361526080718
9	0.266303032263799	0.213713189354047	0.191451570190003	0.328532208192151
