Pos	A	C	G	T
1	0.279240228216421	0.252667007115386	0.314842478141941	0.153250286526252
2	0.290067926646943	0.257267172184561	0.273175685649176	0.17948921551932
3	0.33776905294517	0.16115431541264	0.263054802942091	0.238021828700099
4	0.0010050838313412	0.948679436909856	0.000162849462574611	0.0501526297962276
5	0.00023729526754614	0.00553753768526311	0.993813874308629	0.000411292738561798
6	0.0309315260166421	0.122949773075794	0.822029204223193	0.0240894966843714
7	0.362195981897056	0.202792938660576	0.290669084029664	0.144341995412704
8	0.277914273162277	0.229823746652149	0.286378022829013	0.205883957356561
9	0.308569402159947	0.204782160942042	0.22631928881001	0.260329148088001
10	0.311020952794571	0.186766707087204	0.184908347301878	0.317303992816348
