Pos	A	C	G	T
1	0.405205130074736	0.19140535047062	0.155150161691389	0.248239357763254
2	0.012795967055504	0.971780588282492	0.00325154428376419	0.01217190037824
3	0.00174833648052997	0.896649243086765	0.000243817509261909	0.101358602923443
4	0.0034738031343462	0.987572584104734	0.00780878980877043	0.00114482295214946
5	0.00710147143683629	0.9925744341418	4.59731388107278e-05	0.000278121282552883
6	0.507194698940689	0.000100148114169604	0.468199717399124	0.0245054355460173
7	0.034159082780802	0.692998973101284	0.169191044555194	0.10365089956272
8	0.533442253599244	0.115509274387512	0.198214707476889	0.152833764536355
9	0.248537142255939	0.246064156371401	0.1419666683731	0.363432032999559
10	0.249168097323427	0.197972426002973	0.162086113435564	0.390773363238035
