Pos	A	C	G	T
1	0.230940916277843	0.230940916277843	0.307177259477684	0.230940916277843
2	0.370531401584443	0.209822868908924	0.209822868908924	0.209822868908924
3	0.0441151365515429	0.0441151365515429	0.559056814042698	0.35271292116543
4	0.180301584831562	0.000168219905538804	0.510764199054688	0.308766004519426
5	0.476335460822723	0.0943440075089101	0.429152320074043	0.000168219905538804
6	0.167737676208836	0.153303264738875	0.523328107677414	0.15563095968609
7	0.0861257972281907	0.000168219905538804	0.819361983668576	0.0943440075089101
8	0.690897563980712	0.000168219905538804	0.000168219905538804	0.308766004519426
9	0.680965171590466	0.0192273057054991	0.280580225309751	0.0192273057054991
10	0.704297605849733	0.0403453530744188	0.120835908709273	0.13452114067779
11	0.2060530854318	0.30022887303517	0.2060530854318	0.287664964412445
