Pos	A	C	G	T
1	0.154614122352321	0.144161252153191	0.488301224856177	0.212923400638312
2	0.0936800339384524	0.012303516082733	0.765007074285209	0.129009375693606
3	0.192583572204694	0.00189748666314819	0.750342823887395	0.0551761172447629
4	0.0287503559219284	0.00021624357337382	0.214573030020896	0.756460370483802
5	0.0611675858256381	0.0131131744243398	0.752662865235711	0.173056374514311
6	0.0709433556263424	0.34788840403116	0.125446798260132	0.455721442082366
7	0.498285572749629	0.198576288669282	0.181485062873037	0.121653075708052
8	0.138730842119625	0.377109527116914	0.15957845277983	0.324581177983631
9	0.154560541399614	0.0680733549794016	0.608249933948542	0.169116169672442
10	0.136244089045521	0.0913271440472466	0.629199294042804	0.143229472864428
