Pos	A	C	G	T
1	0.21080847657428	0.287421571218272	0.228366096426092	0.273403855781356
2	0.34696605760614	0.18852430895907	0.212560564793221	0.251949068641569
3	0.642603352705459	0.06572817418953	0.0942101254254717	0.197458347679539
4	0.49898340872725	0.0682087493691513	0.384741948605708	0.0480658932978907
5	0.118621189458046	0.833751280863941	0.0122550136916591	0.0353725159863544
6	0.000197403305523696	0.999738346999011	2.67156322739161e-05	3.75340631914663e-05
7	0.00119292636387038	0.998655042863716	0.000107143032817624	4.48877395966291e-05
8	0.005639777488243	0.0673460742167376	0.0202842477532015	0.906729900541818
9	0.630603996743736	0.123553972558737	0.170149605995445	0.0756924247020827
10	0.422558622993465	0.157012934920994	0.222811960642598	0.197616481442944
