Pos	A	C	G	T
1	0.294504494289588	0.306523450702613	0.205468813599858	0.19350324140794
2	0.0638283381225096	0.754607134767524	0.0517382453303994	0.129826281779568
3	0.0275538446262284	0.817411039078898	0.0339925735816295	0.121042542713244
4	0.000411525062064714	0.838919405917905	0.0695547799331646	0.0911142890868655
5	0.036502633550652	0.85182781345937	0.056113948050991	0.0555556049389868
6	0.383557929460227	0.035498507894483	0.343604286080512	0.237339276564778
7	0.0674029522797082	0.765622186474989	0.0654108939881575	0.101563967257145
8	0.255654220914327	0.263440051064188	0.174832055796778	0.306073672224708
9	0.240719769440343	0.235953198644929	0.195123652808838	0.32820337910589
10	0.224147304789313	0.245256216658573	0.221917001842358	0.308679476709756
