Pos	A	C	G	T
1	0.157252999290245	0.467713518535661	0.195949303223368	0.179084178950726
2	0.567368565049644	0.0823525251200353	0.347584958208712	0.00269395162160903
3	0.127858186910376	0.226087419147912	0.0730337552573895	0.573020638684323
4	0.0291908174999552	0.840380016450503	0.0921902328385026	0.0382389332110397
5	0.793477979448225	0.0204181822168578	0.061339609275237	0.12476422905968
6	0.0176230081411864	0.691736656104514	0.20422152849127	0.0864188072630299
7	0.0975151469853729	0.206439567761875	0.678583623513986	0.0174616617387657
8	0.146655848079686	0.139503357969682	0.043297230517869	0.670543563432763
9	0.0925909629242051	0.118889149745252	0.719237443083949	0.0692824442465934
10	0.49805576167194	0.122819038730962	0.230606326431797	0.148518873165301
