Pos	A	C	G	T
1	0.258792175688997	0.25366774727338	0.24864478933892	0.238895287698703
2	0.337787931838988	0.13596782517231	0.268383862376606	0.257860380612096
3	0.0158333117608701	0.945880329259035	0.0328553981861898	0.00543096079390556
4	0.0012290306371447	0.147854067657931	0.850841413151216	7.54885537077204e-05
5	0.019357547677405	0.0792876519999532	0.90061908909808	0.000735711224561775
6	0.387078705722378	0.202072803618669	0.336510060575216	0.0743384300837363
7	0.272755632426593	0.214557179738282	0.208216056768835	0.30447113106629
8	0.307014319973845	0.222938152828889	0.264249674084897	0.20579785311237
9	0.262123359985976	0.210358923781647	0.204141878027004	0.323375838205374
