Pos	A	C	G	T
1	0.177497439101182	0.343420684510681	0.206222602739107	0.27285927364903
2	0.0866964654938872	0.213238896222667	0.337786188069024	0.362278450214422
3	0.114952751504696	0.0326068108284727	0.849392329307754	0.00304810835907683
4	0.00138588944274108	0.0186592523943476	0.885667970600507	0.0942868875624045
5	0.0630673490147245	0.849122265323448	0.0676402477875075	0.0201701378743197
6	0.00490395415216935	0.387626345589564	0.357824215908676	0.24964548434959
7	0.423870870921769	0.102455530880715	0.281302009532208	0.192371588665308
8	0.243650979336655	0.141987182410595	0.152282414766798	0.462079423485952
9	0.349097161579443	0.158435929851811	0.185926286031772	0.306540622536975
10	0.307704437173346	0.202176221902069	0.188507859835651	0.301611481088934
