Pos	A	C	G	T
1	0.21442093716801	0.618898372422605	0.0750339801281827	0.0916467102812023
2	0.5684203822431	0.107003469036695	0.171204929099237	0.153371219620968
3	0.000753766671138016	0.895451074542737	0.0192464684327348	0.0845486903533901
4	0.119931028226853	0.00202772974183625	0.8773594858472	0.000681756184110537
5	0.0402123949370812	0.0306973177145425	0.0453393486851067	0.88375093866327
6	0.000296419224748164	4.05191520507995e-05	0.883613254332008	0.116049807291194
7	0.0913995985533669	0.38964695517805	0.325460494637221	0.193492951631363
8	0.179095407440556	0.275315762500947	0.261888454321963	0.283700375736534
9	0.220868104450398	0.269768911956213	0.236882848998362	0.272480134595027
