Pos	A	C	G	T
1	0.187064980348154	0.176171163969311	0.442064608663404	0.194699247019131
2	0.1768457836722	0.118543273860365	0.178623113345934	0.525987829121501
3	0.952319586610897	0.000998901283867704	0.0460119285506023	0.000669583554632489
4	0.0307111004937477	0.000100723531209608	0.967411713222808	0.00177646275223474
5	0.65462103849094	0.00275676117114098	0.00428044296982431	0.338341757368095
6	0.00864416110165668	0.0186693674372107	0.00308602568210929	0.969600445779023
7	0.073762402062597	0.596362762780974	0.125317328014241	0.204557507142188
8	0.137502910907472	0.366370489190245	0.164620872413212	0.331505727489071
9	0.301150397460179	0.256623440747331	0.304177009271603	0.138049152520887
10	0.287100103449711	0.200302945401585	0.270380695020047	0.242216256128657
