Pos	A	C	G	T
1	0.294105432362128	0.294105432362128	0.153536498903975	0.25825263637177
2	0.0917062051007882	0.779451170154302	0.00128221627445938	0.12756040847045
3	0.00365639883984407	0.747308988330528	0.000277059980520185	0.248757552849108
4	0.0155270966403038	0.927587071130867	0.0291538409139925	0.0277319913148366
5	0.0325898249847648	0.938234691675137	0.000270901531489323	0.028904581808609
6	0.400513437817714	0.0342178459359247	0.45611607087972	0.109152645366641
7	0.113515464222616	0.483929423105064	0.233209939592245	0.169345173080074
8	0.364908314969466	0.19241338997451	0.223552465226154	0.21912582982987
9	0.250516570816328	0.253034304209958	0.174779480757675	0.321669644216039
10	0.257483633928565	0.223845517641502	0.194601944223349	0.324068904206583
