Pos	A	C	G	T
1	0.282452823986177	0.266004052043591	0.215618693958415	0.235924430011816
2	0.248941241863237	0.197792181716934	0.23680023423406	0.316466342185769
3	0.0758861514814062	0.870644907401323	0.0354894053273968	0.0179795357898738
4	0.0118701324164396	0.067628220829176	0.919679613669459	0.000822033084925697
5	0.0344158880956063	0.000576095589356234	0.961522841094689	0.00348517522034903
6	0.370278123767185	0.0418568058887259	0.520221357795245	0.0676437125488435
7	0.458648627791193	0.116545808338048	0.216650271256562	0.208155292614197
8	0.360653842218424	0.170360812203096	0.212282643882358	0.256702701696122
9	0.366728861925538	0.152112865169752	0.209478849926638	0.271679422978072
