Pos	A	C	G	T
1	0.45373883065151	0.145945604656629	0.198971611272143	0.201344056693448
2	0.439732273402662	0.122791803807742	0.132601643487174	0.304874411026303
3	0.277978816275595	0.0866745735232713	0.0273071964621638	0.608039128533999
4	0.140529549263713	0.047740680069946	0.0349839948781616	0.776746086364844
5	0.0524168257534866	0.0588338370426598	0.0183564497167525	0.870393226251756
6	0.072681236904201	0.013212810747304	0.098037981437535	0.816068053547121
7	0.00975029540289229	0.189509329143418	0.0828218956525494	0.717918381295067
8	0.00651433923660708	0.955926986296787	0.00730009781993772	0.0302588380445454
9	0.83008975760549	0.0200090125025656	0.121360657096913	0.0285403478738213
10	0.273891381794318	0.266986271131997	0.224694855981612	0.234427535288655
