Pos	A	C	G	T
1	0.203147423192191	0.276976298636971	0.245655939752382	0.274220338418456
2	0.266234324959469	0.274342367247149	0.213658050450763	0.245765257342618
3	0.176212057824011	0.0986608433544555	0.151667123715242	0.573459975106291
4	0.0678139043363002	0.886044568327881	0.0216881765545552	0.0244533507812631
5	0.0280319632291631	0.071047268059802	0.900855981988513	6.47867225222362e-05
6	0.0287899452667274	0.0715235097500551	0.854081141660322	0.0456054033228952
7	0.406663780367836	0.0837626121199836	0.423260044077791	0.0863135634343897
8	0.311723172930326	0.224105187292805	0.255217348133723	0.208954291643146
9	0.302874490783385	0.207124176094892	0.199002720986443	0.29099861213528
10	0.276209273255673	0.223890885499863	0.194641385144639	0.305258456099825
