Pos	A	C	G	T
1	0.4571545860267	0.127106027016136	0.164847630626541	0.250891756330622
2	0.193600478638069	0.485799820458099	0.152291530418698	0.168308170485135
3	0.103104686974995	0.867612208217731	0.0286669488367959	0.000616155970477741
4	0.000212199143377411	0.0460519408971505	0.943663753065459	0.010072106894013
5	0.0423354892886249	0.0980645293201296	0.858877001792512	0.000722979598733223
6	0.2951678836599	0.322965107671445	0.223083087480596	0.15878392118806
7	0.294560278368291	0.218215621315364	0.322300281586734	0.16492381872961
8	0.310861942486374	0.181154253730038	0.157487942361456	0.350495861422132
9	0.287475029668982	0.221658077514928	0.194636945096767	0.296229947719323
