Pos	A	C	G	T
1	0.324397893736164	0.211023780199786	0.221843200770169	0.242735125293882
2	0.243781974754201	0.274863409001595	0.211933867399359	0.269420748844845
3	0.279517899139335	0.209153060422308	0.265885650338204	0.245443390100153
4	0.29334530040187	0.219499601021859	0.276262200014897	0.210892898561375
5	0.16738303492511	0.391617190672138	0.21278554091814	0.228214233484611
6	0.0623942744812184	0.425588754819927	0.50445241574097	0.00756455495788458
7	0.0233051710054984	0.896658671099448	0.0797323393757314	0.000303818519321791
8	9.78815648324106e-05	4.35434036561779e-05	0.988316455113847	0.0115421199176646
9	0.31464481378065	0.290453770910621	0.179727969541526	0.215173445767203
10	0.273388258761322	0.223831374985895	0.296157965166314	0.206622401086468
