Pos	A	C	G	T
1	0.269109449417971	0.243500299384548	0.233952516080683	0.253437735116798
2	0.259164899993939	0.220845759853851	0.280749984554915	0.239239355597295
3	0.252209906630748	0.186841694277958	0.217079078376002	0.343869320715291
4	0.292887019253508	0.126442408405451	0.304839965258085	0.275830607082956
5	0.484981319150487	0.123237128477748	0.128266531099305	0.26351502127246
6	0.0333057482722234	0.808944249912087	0.116248483900413	0.0415015179152766
7	0.242554485144006	0.0155059894685515	0.714245232292516	0.0276942930949263
8	0.000822240829534109	0.857720296820572	0.0157096952347153	0.125747767115178
9	0.00191995939535935	0.0132275799134373	0.984667515537077	0.000184945154126495
10	0.214621640222136	0.19419769079652	0.108730969878394	0.48244969910295
