Pos	A	C	G	T
1	0.262871616335547	0.171000377183309	0.344352472490654	0.221775533990491
2	0.158358358051296	0.153678161271734	0.541780291770895	0.146183188906074
3	0.0408177321529374	0.779861701416867	0.0464843919176867	0.132836174512509
4	0.00129564030605836	0.0442123878179498	0.952418954909965	0.0020730169660272
5	0.00833878485761724	0.0745088197928772	0.91682581605391	0.000326579295595432
6	0.475306150925507	0.137546098796001	0.291185093399262	0.0959626568792308
7	0.321841484384542	0.15665706860473	0.285447789889821	0.236053657120907
8	0.339278346868458	0.189961392241266	0.195746577910143	0.275013682980134
9	0.268945227380241	0.197257058423414	0.2053072716912	0.328490442505146
