Pos	A	C	G	T
1	0.308397077141424	0.257594891830366	0.268107538792156	0.165900492236055
2	0.390573357063178	0.227605941273165	0.286464839935287	0.0953558617283694
3	0.05807826568507	0.758840422945739	0.0824169821073889	0.100664329261802
4	0.0172151957112456	0.0114248689407049	0.968542597353175	0.00281733799487467
5	0.0596052582949669	0.0376278247507517	0.8958238486404	0.00694306831388184
6	0.451283280213206	0.150219154567299	0.305544447234556	0.0929531179849388
7	0.321314366491763	0.189127232963032	0.29661054404142	0.192947856503786
8	0.330009458272026	0.200160854454042	0.182933246958864	0.286896440315067
9	0.280619852908682	0.19190508807541	0.163530728878893	0.363944330137014
