Pos	A	C	G	T
1	0.201194344851601	0.201194344851601	0.304697047188229	0.292914265334187
2	0.230780225290896	0.22628140596969	0.127277522954269	0.415660848010764
3	0.152730305780744	0.0492276034441168	0.0492276034441168	0.748814489556641
4	0.0259288906869499	0.214641497495424	0.129431593023578	0.629998021019667
5	0.000154295028944359	0.999537117138786	0.000154295028944359	0.000154295028944359
6	0.000154295028944359	0.000154295028944359	0.000154295028944359	0.999537117138786
7	0.000154295028944359	0.000154295028944359	0.000154295028944359	0.999537117138786
8	0.000154295028944359	0.999537117138786	0.000154295028944359	0.000154295028944359
9	0.0489599507337477	0.153605873997141	0.142154801762415	0.655279375732316
10	0.53437699800649	0.12287677263108	0.12287677263108	0.21986945895697
11	0.200926692141233	0.200926692141233	0.200926692141233	0.397219925801923
12	0.2242254048984	0.2242254048984	0.2242254048984	0.327323787530422
