Pos	A	C	G	T
1	0.287243588255156	0.225953809443393	0.284385466798012	0.202417135503439
2	0.230109570461257	0.304464832767055	0.244338751623142	0.221086845148547
3	0.275061189726961	0.087094486513618	0.440096306307666	0.197748017451755
4	0.0552263831967097	0.926524783612341	0.0047656826774044	0.013483150513545
5	0.0022890562346928	0.0645951678861675	0.932752233859619	0.000363542019520872
6	0.0203174803414703	0.308425898647364	0.646440794484067	0.0248158265270987
7	0.279721252647691	0.20109824728494	0.413142917774224	0.106037582293145
8	0.25447223936697	0.2986259392547	0.223450910689165	0.223450910689165
9	0.310747168240552	0.206227435946274	0.196169605213088	0.286855790600087
