Pos	A	C	G	T
1	0.19057933206107	0.19057933206107	0.19057933206107	0.428261998382788
2	0.143954585238483	0.232498141995601	0.143954585238483	0.47959268209343
3	0.116722884143082	0.460293349039967	0.116722884143082	0.306260877239866
4	0.000203831564601917	0.999388499872191	0.000203831564601917	0.000203831564601917
5	0.000203831564601917	0.000203831564601917	0.999388499872191	0.000203831564601917
6	0.000203831564601917	0.000203831564601917	0.999388499872191	0.000203831564601917
7	0.999388499872191	0.000203831564601917	0.000203831564601917	0.000203831564601917
8	0.999388499872191	0.000203831564601917	0.000203831564601917	0.000203831564601917
9	0.147046014158802	0.361309516870582	0.0596244981450315	0.432019965391581
10	0.681252259663144	0.106249244967618	0.106249244967618	0.106249244967618
11	0.420062955525174	0.133480946063019	0.224040355453584	0.222415737524219
