Pos	A	C	G	T
1	0.151167919563995	0.383963827535736	0.114234243938332	0.350634150088698
2	0.038409008067067	0.845773963525152	0.0740246095612029	0.041792567642828
3	0.00281353010331849	0.0127200953432503	0.981891948682399	0.00257451890468872
4	0.00735395978989545	0.0765082268170691	0.906442449062467	0.00969527879206591
5	0.663868681463857	0.101190057366005	0.155746787409576	0.0791942134311996
6	0.424517048180138	0.0917481362511479	0.205921144966403	0.277813668598897
7	0.339426606633414	0.19863121636392	0.180726264688955	0.281216058958136
8	0.593827049059615	0.0742634266880838	0.0762195359479339	0.25569015615942
9	0.485377045742904	0.0466400353353353	0.082787406957965	0.385195605401387
10	0.220555293852444	0.295080510797668	0.133714486248804	0.350649701299052
