Pos	A	C	G	T
1	0.1237943681279	0.14820876697491	0.44971851611498	0.278278348782209
2	0.0477232079583101	0.816819237703143	0.0896056001294222	0.0458519542091242
3	0.000209123297058803	5.11882037360862e-06	0.958307526848075	0.0414782310344924
4	0.0498516830237771	0.262185497067382	0.59529212841241	0.0926706914964317
5	0.407080402634895	0.136867145655823	0.221187490577653	0.234864961131629
6	0.240461943152652	0.290778507999896	0.27384488596562	0.194914662881831
7	0.37236428960501	0.132936643279497	0.186769016662418	0.307930050453075
8	0.266801885411951	0.116338771739428	0.0463632157617501	0.570496127086871
9	0.291470043069082	0.169853658233368	0.149147721223137	0.389528577474413
10	0.354168115876973	0.167297172008775	0.221355875794087	0.257178836320165
