Pos	A	C	G	T
1	0.263924793196275	0.211804607796239	0.283061499935486	0.241209099072001
2	0.183191889586866	0.259961665662835	0.254814079794186	0.302032364956113
3	0.263878140927853	0.227122020706572	0.332117030779069	0.176882807586506
4	0.104221334209907	0.0179307452569294	0.060130479015592	0.817717441517572
5	0.06371665334769	0.0313259229037795	0.00310945031490311	0.901847973433627
6	0.0717825430384297	0.831840996772733	0.0345926528260206	0.0617838073628165
7	0.096184838340871	0.277625126944822	0.258855952617016	0.36733408209729
8	0.293437785180044	0.23548933864821	0.240246538850107	0.23082633732164
9	0.184071884211673	0.269165479613577	0.124627134615551	0.422135501559199
10	0.282740380302796	0.229184897981193	0.274384139220045	0.213690582495966
