Pos	A	C	G	T
1	0.227587193446764	0.317238420652163	0.227587193446764	0.227587193446764
2	0.150462580164129	0.442328501740721	0.256746338923476	0.150462580164129
3	0.0241500774561077	0.0241500774561077	0.927549768624132	0.0241500774561077
4	0.000167176597081916	0.000167176597081916	0.99949847120121	0.000167176597081916
5	0.000167176597081916	0.000167176597081916	0.99949847120121	0.000167176597081916
6	0.000167176597081916	0.000167176597081916	0.177329822620891	0.822335825177401
7	0.000167176597081916	0.000167176597081916	0.99949847120121	0.000167176597081916
8	0.0898554931993104	0.822335825177401	0.0876415060186621	0.000167176597081916
9	0.843729452629983	0.0225799833984314	0.11111058156561	0.0225799833984314
10	0.517468324793311	0.191165798193622	0.0997045966810671	0.191661281324455
11	0.226017099389088	0.226017099389088	0.226017099389088	0.321948702825191
