Pos	A	C	G	T
1	0.353511286201323	0.20161031000546	0.198408699919393	0.246469819567295
2	0.297148673466707	0.23670190909433	0.168913687505257	0.297235670351924
3	0.527518810001968	0.132522294717904	0.189709411834504	0.150249608580861
4	0.21901481133623	0.0874628909994664	0.575199579874227	0.118322851238771
5	0.679754200880962	0.0242856135938689	0.0403845472879852	0.255575318950172
6	0.255575318950172	0.0403845472879852	0.0242856135938689	0.679754200880962
7	0.118322851238771	0.575199579874227	0.0874628909994664	0.21901481133623
8	0.150249608580861	0.189709411834504	0.132522294717904	0.527518810001968
9	0.297235670351924	0.168913687505257	0.23670190909433	0.297148673466707
10	0.246469819567295	0.198408699919393	0.20161031000546	0.353511286201323
