Pos	A	C	G	T
1	0.271024383990639	0.271024383990639	0.369521451655695	0.0884297803630269
2	0.0311015564279612	0.053370484250144	0.810181148914277	0.105346810407618
3	2.67200743288432e-05	0.99990457524338	9.82976601381422e-06	5.88749162776115e-05
4	0.000453879828981704	0.0404504265833366	0.934561269664362	0.0245344239233202
5	0.0495861431359768	0.294038709059665	0.574621418890995	0.0817537289133632
6	0.156165627564848	0.351045961399345	0.181438573637396	0.311349837398411
7	0.358876594693799	0.112502853100752	0.0858823711154214	0.442738181090027
8	0.444496714939248	0.171905114485347	0.173632789608255	0.209965380967151
9	0.298949973480181	0.20649500983879	0.204440350161272	0.290114666519756
