Pos	A	C	G	T
1	0.273758678645852	0.171099795129312	0.392386366570416	0.16275515965442
2	0.032641282014328	0.88499129266865	0.000460970055993408	0.0819064552610285
3	0.000119084813864853	0.0348858283006791	0.964954239779998	4.08471054582466e-05
4	0.00101378116950009	0.00304556694456311	0.995940056507262	5.95378675146312e-07
5	0.4680948425805	0.190313160903208	0.181031478522399	0.160560517993893
6	0.267559565234966	0.214721580683706	0.16722533518586	0.350493518895468
7	0.208540146703823	0.391557185610778	0.23749143812378	0.16241122956162
8	0.232687973779268	0.350618377248198	0.228080443193646	0.188613205778888
9	0.258285158193468	0.222308095854957	0.297098650096617	0.222308095854957
