Pos	A	C	G	T
1	0.211517228187114	0.183884244257544	0.282677437926372	0.321921089628969
2	0.431823363775275	0.132690138545805	0.350029215730504	0.0854572819484163
3	0.0036838559872536	0.000103722110218942	4.82736321176399e-07	0.996211939166206
4	0.00314570503362368	0.0214567233840289	0.850681710260733	0.124715861321614
5	0.98560993839586	0.00487081209213701	0.00326500298605278	0.00625424652594987
6	0.0549199443237817	0.630098758559139	0.207654692284441	0.107326604832639
7	0.226602645392995	0.0850464878591537	0.213406334649653	0.474944532098198
8	0.232372252315998	0.491932061950986	0.127528595989318	0.148167089743698
9	0.46988284421977	0.185394019655988	0.183549318338811	0.161173817785432
10	0.230654163792569	0.257474184896891	0.200521096826836	0.311350554483704
