Pos	A	C	G	T
1	0.339939351958998	0.162189795273109	0.281115952098301	0.216754900669591
2	0.307075875102726	0.229773689832928	0.214239568379741	0.248910866684605
3	0.255236029084253	0.388459423847441	0.172809308122489	0.183495238945817
4	0.218565285383036	0.128648613187137	0.506277409260181	0.146508692169646
5	0.237726246046095	0.139926849858235	0.469242543383238	0.153104360712433
6	0.493026490577661	0.137079754521756	0.202464164645446	0.167429590255137
7	0.28705021441028	0.157536497827609	0.364912341153855	0.190500946608256
8	0.435310299505726	0.129808347046942	0.173479443160187	0.261401910287145
9	0.308671952191264	0.12424793805583	0.204850218295982	0.362229891456925
10	0.456001222682523	0.131959557232865	0.235684840499577	0.176354379585035
