Pos	A	C	G	T
1	0.320147413300919	0.14675749878029	0.157398618100406	0.375696469818385
2	0.101233553490285	0.168583345245935	0.511542288713163	0.218640812550617
3	0.684420694172168	0.295471616168675	0.0190787047619244	0.00102898489723285
4	0.0441256565960291	0.060766666814662	0.0088201722188775	0.886287504370431
5	0.000400059888587641	0.00340028406964096	0.996111278820578	8.83772211928631e-05
6	0.000919564472945593	0.940249136361364	0.000499646155596492	0.0583316530100941
7	0.86447063567186	0.0111575604841413	0.122991757144519	0.00138004669948054
8	0.146186171648092	0.306396788846915	0.306396788846915	0.241020250658078
9	0.178872005024734	0.193769729809767	0.471854414511273	0.155503850654226
