Pos	A	C	G	T
1	0.252775357182425	0.245304716370056	0.219752338477611	0.282167587969908
2	0.19457251210251	0.19457251210251	0.17782588660975	0.43302908918523
3	0.129600968316116	0.709428882275657	0.0339354522050703	0.127034697203157
4	0.0991554917812211	0.072001664881393	0.7181577422985	0.110685101038886
5	0.123594156178326	0.0383595402189347	0.704158352576369	0.13388795102637
6	0.555778001949247	0.141227058294327	0.154527015346641	0.148467924409785
7	0.267433120251041	0.13148194179607	0.398963333730821	0.202121604222068
8	0.471090619246703	0.0951115557115542	0.180377246788415	0.253420578253328
9	0.341029340782576	0.103748377157559	0.0760939314434049	0.47912835061646
10	0.327663731157924	0.20479057522393	0.179825668403674	0.287720025214472
