Pos	A	C	G	T
1	0.00131814971623729	0.998474907168386	0.000106057807850594	0.00010088530752638
2	0.995258101452978	0.00146668111459365	0.00135391731183626	0.00192130012059189
3	1.75017489446562e-05	0.996795401538933	0.00037326955085971	0.00281382716126267
4	0.000723489669035029	0.000681356910718701	0.998576721457425	1.84319628213286e-05
5	0.000140472180263664	6.3118219253687e-05	0.000297379607914131	0.999499029992569
6	3.27215918453879e-06	1.57281180299382e-05	0.999939509820979	4.14899018063474e-05
7	0.931344974829125	0.0407163508034697	0.0163893175151666	0.0115493568522388
8	0.0168132950159336	0.653387222007219	0.0211612132731794	0.308638269703668
9	0.162788450086506	0.514117328742747	0.118208676283423	0.204885544887323
