Pos	A	C	G	T
1	0.152768425451964	0.152768425451964	0.152768425451964	0.54169471939297
2	0.000183567671845912	0.999449292733325	0.000183567671845912	0.000183567671845912
3	0.000183567671845912	0.000183567671845912	0.999449292733325	0.000183567671845912
4	0.000183567671845912	0.000183567671845912	0.999449292733325	0.000183567671845912
5	0.620093041210542	0.103989037817434	0.275734349049041	0.000183567671845912
6	0.217073115281588	0.0879780331832986	0.397412557630817	0.297536289653159
7	0.117226152085495	0.000183567671845912	0.0909216396908867	0.791668636300636
8	0.181871392349324	0.000183567671845912	0.000183567671845912	0.817761468055847
9	0.707754572277572	0.0974151411570973	0.0974151411570973	0.0974151411570973
