Pos	A	C	G	T
1	0.271444734335893	0.141706577199624	0.461166229126352	0.125682459338131
2	0.239901390239413	0.116772542921166	0.512975437947227	0.130350628892194
3	0.530857758527741	0.0999324153425924	0.118450376706336	0.250759449423331
4	0.000433549238523719	0.976768909306873	5.47077495898639e-05	0.0227428337050134
5	0.000306465436436689	0.99959450336402	4.36020854567439e-05	5.54291140868804e-05
6	0.0337852012213321	0.925211974022512	0.000148083773801331	0.0408547409823543
7	0.0510493203314166	0.200896978223056	0.100765116636111	0.647288584809416
8	0.188229450759901	0.132643052092637	0.339563748573731	0.339563748573731
9	0.294130610967079	0.199143152168722	0.243233995319372	0.263492241544827
