Pos	A	C	G	T
1	0.0934569722365714	0.606376536259295	0.0249656565047958	0.275200834999338
2	0.0811902875112209	0.564982991839931	0.0468427209886869	0.306983999660161
3	0.119913990700133	0.630664951513321	0.0632297388397826	0.186191318946763
4	0.11847179834807	0.629342071881272	0.0922659293292497	0.159920200441408
5	0.109349572193408	0.0886370405266998	0.166425844989908	0.635587542289984
6	0.455521175964537	0.125391670849039	0.142799593792249	0.276287559394174
7	0.251391223821707	0.127359065734283	0.0943499164697375	0.526899793974273
8	0.259424311654593	0.283855410376067	0.106534086000788	0.350186191968553
9	0.232338760961554	0.269939128391357	0.180945608982337	0.316776501664752
