Pos	A	C	G	T
1	0.165613870497911	0.131585785156337	0.502531838086119	0.200268506259633
2	0.108826050877158	0.14543812579837	0.2676688932717	0.478066930052772
3	0.934794393650507	0.000756030625630789	0.00035712358044108	0.0640924521434214
4	0.098816937712775	0.000247404414752797	0.775314709772835	0.125620948099637
5	0.641625811772606	0.0426917326408174	0.000230848249570419	0.315451607337006
6	0.0481977953572527	0.000344835868499825	0.0025480115764081	0.948909357197839
7	0.135690603435349	0.590150340626526	0.0891550794723054	0.185003976465819
8	0.131979046658596	0.373397364278818	0.142971194447395	0.351652394615192
9	0.263786134692002	0.271819618486069	0.248424426106722	0.215969820715207
