Pos	A	C	G	T
1	0.246771870310355	0.225532507927768	0.18099407717038	0.346701544591498
2	0.307779999695964	0.246999235402074	0.198221529499888	0.246999235402074
3	0.201230552578135	0.71655232861839	0.0209985057170117	0.0612186130864639
4	0.0324786027112458	0.829299603917975	0.00113949079886665	0.137082302571913
5	0.000806634019136902	0.939281083011999	0.00164068654365484	0.0582715964252096
6	0.0691523056140199	0.894541591984841	0.0058492380224348	0.0304568643787048
7	0.293274962561425	0.0185618910047715	0.391940721497534	0.29622242493627
8	0.0752098171889435	0.796543522277065	0.0408653195367564	0.0873813409972353
9	0.377685371347025	0.211465422513559	0.0922093465816438	0.318639859557772
10	0.213151275420741	0.31482033996729	0.187167161045952	0.284861223566016
