Pos	A	C	G	T
1	0.100597609561753	0.399402390438247	0.100597609561753	0.399402390438247
2	0.214336661911555	0.39265335235378	0.143009985734665	0.25
3	0.254542151162791	0.563408430232558	0.0546875	0.127361918604651
4	0.000138811771238201	0.985702387562465	0.000138811771238201	0.0140199888950583
5	0.000133262260127932	0.999600213219616	0.000133262260127932	0.000133262260127932
6	0.000133262260127932	0.959621535181237	0.000133262260127932	0.0401119402985075
7	0.000133262260127932	0.799706823027718	0.000133262260127932	0.200026652452026
8	0.000133262260127932	0.000133262260127932	0.0134594882729211	0.986273987206823
9	0.692035670356703	0.000153751537515375	0.0462792127921279	0.261531365313653
10	0.552933673469388	0.0427295918367347	0.0852465986394558	0.319090136054422
11	0.399700598802395	0.100299401197605	0.100299401197605	0.399700598802395
12	0.332236842105263	0.00328947368421053	0.00328947368421053	0.661184210526316
