Pos	A	C	G	T
1	0.278647327236015	0.182744904755046	0.191461760619688	0.347146163462103
2	0.344559423924208	0.186718283442234	0.209356261413395	0.259366061551792
3	0.0800803440214635	0.837092576579322	0.0198335595356537	0.0629938384206533
4	0.00866061190239125	0.799787576419703	0.0160111171516255	0.175540363491995
5	0.000911763414650195	0.979317787642772	0.0137897695743784	0.00598020197645063
6	0.00247003177388885	0.990929035608044	0.00618337780704912	0.000417603924657156
7	0.383822866880321	0.029256570629519	0.537547996316721	0.0493725593379756
8	0.0445201358506547	0.686975966145824	0.165431841053607	0.103072000759819
9	0.468905471470384	0.159881434012437	0.200986666979176	0.170226312042903
10	0.257494388050891	0.273968063239859	0.170870601760196	0.29766706415142
