Pos	A	C	G	T
1	0.219731375864246	0.159557727007322	0.31811271874639	0.302598178382041
2	0.084812289506457	0.0597662102805082	0.608161490084474	0.24726001012856
3	0.00541240899436578	0.861516560247365	0.00421518836329274	0.128855842394977
4	0.000255898428371859	0.0336840799861693	0.960088359337988	0.00597166224747081
5	0.00457220654780332	0.0965437159781362	0.888909935699212	0.0099741417748484
6	0.306906136132877	0.277700155802554	0.316252819474676	0.0991408885898932
7	0.15189231693163	0.258054764642978	0.238214571508107	0.351838346917285
8	0.273801141765566	0.196842139066994	0.311812511622469	0.217544207544971
9	0.350547160693801	0.138309682933691	0.200235715513702	0.310907440858806
10	0.308265779230182	0.212929756688267	0.267993393871725	0.210811070209826
