Pos	A	C	G	T
1	0.250240654916367	0.320883146494167	0.302179611136681	0.126696596354862
2	0.37625944142593	0.0613888129452956	0.0459654475762692	0.516386490939731
3	0.359871164408655	0.105337657633832	0.0987395564225174	0.436051592519907
4	0.394763824380234	0.0834095272158042	0.0503739876937537	0.471452623555579
5	0.361060153763069	0.0780204682357192	0.0757674910739703	0.485151822959413
6	0.485151822959413	0.0757674910739703	0.0780204682357192	0.361060153763069
7	0.471452623555579	0.0503739876937537	0.0834095272158042	0.394763824380234
8	0.436051592519907	0.0987395564225174	0.105337657633832	0.359871164408655
9	0.516386490939731	0.0459654475762692	0.0613888129452956	0.37625944142593
10	0.126696596354862	0.302179611136681	0.320883146494167	0.250240654916367
