Pos	A	C	G	T
1	0.317410962447894	0.227529680219892	0.227529680219892	0.227529680219892
2	0.429948408964638	0.218554741363065	0.223742208661968	0.127754644117894
3	0.0722371861802561	0.783288444566799	0.0722371861802561	0.0722371861802561
4	0.0268068523109834	0.0268068523109834	0.919579446174616	0.0268068523109834
5	0.0268068523109834	0.0268068523109834	0.919579446174616	0.0268068523109834
6	0.898480911439895	0.000180475968911859	0.101158139729848	0.000180475968911859
7	0.717627894377943	0.000180475968911859	0.186023592247725	0.0961680405129858
8	0.909029700215504	0.000180475968911859	0.000180475968911859	0.0906093509542392
9	0.117201452312963	0.0226507965259125	0.129156301894199	0.730991452374492
10	0.632722505223839	0.122425832627909	0.122425832627909	0.122425832627909
11	0.466170131410924	0.177943290565547	0.177943290565547	0.177943290565547
12	0.329879129803107	0.22337362443482	0.22337362443482	0.22337362443482
13	0.22337362443482	0.22337362443482	0.329879129803107	0.22337362443482
