Pos	A	C	G	T
1	0.17511400840328	0.359760034468929	0.315903642501926	0.149222314625864
2	0.130473290000984	0.217276020995547	0.268048660047401	0.384202028956068
3	0.0145050527135773	0.920113517512518	0.007725272149246	0.057656157624659
4	0.783503891957162	0.0256303201049202	0.0342530643134298	0.156612723624488
5	0.000165969941618872	0.0090616517673783	0.107130896363271	0.883641481927732
6	0.00832514483351594	0.84495251655676	0.00279905100604068	0.143923287603684
7	0.185625565984623	0.155047505748026	0.425698589085014	0.233628339182337
8	0.216501164818093	0.371517484464983	0.241675502510749	0.170305848206176
9	0.2423845627048	0.249766271598237	0.267876369687305	0.239972796009658
