Pos	A	C	G	T
1	0.350397115388701	0.167179339731271	0.346910605837357	0.135512939042671
2	0.168511087398157	0.600043137218353	0.0727480097545815	0.158697765628908
3	0.136435565935698	0.0200024038548532	0.739409916871145	0.104152113338304
4	0.162552893608663	0.0752641140424025	0.706980756988727	0.0552022353602078
5	0.570486715644833	0.108471762304583	0.24383454077999	0.0772069812705948
6	0.355564556149779	0.14028931492756	0.263408701837709	0.240737427084952
7	0.511453172571841	0.0888772347143155	0.165216383874902	0.234453208838942
8	0.231585116990581	0.0970229435601541	0.134955822214394	0.536436117234872
9	0.467467047863427	0.103268135266578	0.190057918618662	0.239206898251333
10	0.398581063099813	0.182711955341448	0.246635342154592	0.172071639404148
