Pos	A	C	G	T
1	0.336268180008142	0.199918342660936	0.261885921923394	0.201927555407528
2	0.188240245520236	0.298186475834416	0.163648207680379	0.349925070964969
3	0.0883701522874111	0.773970894173044	0.112340481004591	0.0253184725349533
4	0.0158182992255097	0.000577623763330243	0.983548989516754	5.50874944064599e-05
5	0.0646151741579359	0.0018011930986258	0.933041123807486	0.000542508935952232
6	0.730371578061869	0.0457665473094553	0.166260097732795	0.0576017768958811
7	0.566126018577676	0.0693257702006887	0.272821217910187	0.0917269933114483
8	0.199036205213677	0.334784400431148	0.183733574557992	0.282445819797183
9	0.261314894086423	0.246097099350411	0.256140512499673	0.236447494063493
