Pos	A	C	G	T
1	0.218437467217757	0.346021109140854	0.140681684627843	0.294859739013545
2	0.000471426496798139	0.95146977194829	0.0478469759754195	0.000211825579492336
3	0.000411840350514539	0.125572150222885	0.87382532196223	0.000190687464370904
4	6.205877146819e-06	6.65585401174327e-06	0.999986210064365	9.28204476212846e-07
5	0.475056486744518	0.171302965445979	0.265983350980606	0.0876571968288972
6	0.278777210507421	0.167404482397741	0.441603726739832	0.112214580355006
7	0.284306814931687	0.235110117457648	0.225891317892696	0.254691749717969
8	0.263093630759785	0.189144255278526	0.178129351354326	0.369632762607364
9	0.346909951295346	0.168859201428505	0.167179024301591	0.317051822974558
10	0.290043679904028	0.217029118689232	0.217029118689232	0.275898082717508
