Pos	A	C	G	T
1	0.265932567238675	0.243044066382356	0.29983813228795	0.191185234091019
2	0.221376567491303	0.29882710940394	0.165648020177452	0.314148302927305
3	0.375721788311706	0.120162974836055	0.326636830895271	0.177478405956968
4	0.207451048968086	0.480532759060107	0.156788129965429	0.155228062006378
5	0.000120928453252075	0.107494941983713	0.886644218042675	0.00573991152036016
6	0.000119679339781445	0.000536365588907909	0.999305679341923	3.82757293878914e-05
7	0.106697405602823	0.804319712738424	0.0715214098403985	0.0174614718183552
8	0.346209947087968	0.114096590497594	0.349689414901812	0.190004047512626
9	0.230368118578714	0.364920143584317	0.139725326950104	0.264986410886865
10	0.246133149769719	0.272019199095257	0.220494477395863	0.261353173739162
