Pos	A	C	G	T
1	0.178138635964505	0.164598441077846	0.290051975385414	0.367210995766057
2	0.0490063836785888	0.0261837426417409	0.910648946652364	0.0141610050017705
3	0.999625140572285	2.0025702429401e-11	2.05888976088904e-11	0.000374895880073122
4	0.0159533384764734	0.0158039682649378	0.00343517954957717	0.964807675238018
5	0.0985553641900889	0.456330536635584	0.0829627599792464	0.362151196683493
6	0.187603957206214	0.0663354927135045	0.261664084993272	0.48439638155903
7	0.546202147229881	0.0858471052770164	0.243059269705915	0.124891737996099
8	0.0287130330945384	0.906934877541118	0.0177516137423855	0.0466002819178427
9	0.328676512193562	0.150271590285424	0.40564084154249	0.115410853421678
10	0.194144040855182	0.295019452107575	0.267607518946733	0.243228862248265
