Pos	A	C	G	T
1	0.156234566592848	0.237783003996189	0.384275026003623	0.221707403407339
2	0.402755876554907	0.386963592753105	0.121307738856546	0.0889727918354424
3	0.0351719451233363	0.000319898587356288	0.0574117365074517	0.907096419781856
4	0.0174458881593379	0.0324306507109127	0.336670256780272	0.613453204349477
5	0.855397112299109	0.000658076443514539	0.0546837078970711	0.0892611033603051
6	0.0426047788635055	0.534839352685899	0.242734056561063	0.179821811889532
7	0.218505303881927	0.142139687430797	0.286234180368938	0.353120828318338
8	0.409661257313603	0.197419442815418	0.112767775126814	0.280151524744164
9	0.575008435412655	0.129591178079136	0.153605052061111	0.141795334447098
10	0.2977903698574	0.163430820111044	0.231919373245858	0.306859436785698
