Pos	A	C	G	T
1	0.286643074560185	0.280967161397412	0.256784650842132	0.175605113200272
2	0.176011266943135	0.513139639318272	0.149986907917719	0.160862185820875
3	0.0781639932805897	0.0365546754630515	0.79537133777377	0.089909993482589
4	0.0952504941410393	0.149382510624	0.656229254686488	0.099137740548473
5	0.638738019750972	0.030249945598714	0.244568243804127	0.086443790846187
6	0.75952092807214	0.000590189196136117	0.085003112808087	0.154885769923637
7	0.270650431351678	0.105723592154539	0.0947108027599633	0.52891517373382
8	0.268606481260524	0.162918066295791	0.125618233378936	0.442857219064749
9	0.289662985079434	0.198089337185791	0.165458122554524	0.346789555180251
