Pos	A	C	G	T
1	0.275621263463403	0.196179035666848	0.184754458025669	0.34344524284408
2	0.239066401962771	0.197698144728432	0.157077819145408	0.406157634163389
3	0.351404882017946	0.0654927250799251	0.11814811732525	0.464954275576879
4	0.275881569133827	0.145470261353098	0.109944058401185	0.46870411111189
5	0.465586790542774	0.103886455163118	0.0642832130937615	0.366243541200347
6	0.343550753604048	0.0847185728186385	0.502368972651475	0.0693617009258384
7	0.0398931249326734	0.339069127064084	0.0507141011722713	0.570323646830971
8	0.299986345882181	0.0725109046948337	0.434300616832861	0.193202132590125
9	0.212492127622875	0.210377795626389	0.364637949127862	0.212492127622875
10	0.183037619147169	0.221338167302753	0.419763602104705	0.175860611445373
