Pos	A	C	G	T
1	0.219730571021372	0.314946290703925	0.204875426467154	0.260447711807549
2	0.17928915600766	0.196173583847812	0.192289086626106	0.432248173518422
3	0.00555868736050655	0.977855582794497	0.0155702492485802	0.00101548059641626
4	3.75796226258744e-05	0.0846653707187425	0.914801106187066	0.000495943471565408
5	5.95780152596491e-05	0.0260373320051106	0.972170649051838	0.00173244092779162
6	0.203319405154257	0.279996797851068	0.282810812452025	0.23387298454265
7	0.468549353910711	0.108814156506088	0.135590788375692	0.287045701207509
8	0.339371507477995	0.197768152906363	0.203791089832942	0.2590692497827
9	0.251653695069885	0.23464035004243	0.249149698966724	0.264556255920961
