Pos	A	C	G	T
1	0.253537951456761	0.231716240489639	0.256086050230647	0.258659757822953
2	0.197685660105054	0.243880461631023	0.444379174140777	0.114054704123146
3	0.612620709806	0.117653751370207	0.127452787321068	0.142272751502724
4	0.0885330555212759	0.823345559645289	0.000469247933142372	0.087652136900293
5	0.0660444608063081	9.0747728624673e-05	0.773037966676346	0.160826824788721
6	0.0487812266011629	0.950839746228744	1.21229556743472e-05	0.000366904214418712
7	0.624069861921142	0.0566143406060378	0.225036434562038	0.0942793629107823
8	0.386852629165658	0.239377982023653	0.199945297658178	0.173824091152512
9	0.377691962706391	0.176633850731928	0.171413531517142	0.274260655044539
