Pos	A	C	G	T
1	0.303934472277004	0.209937974278991	0.229708732625747	0.256418820818258
2	0.283907604034442	0.186540588365373	0.218907408322059	0.310644399278126
3	0.230042936824401	0.292441887963607	0.267271761293598	0.210243413918394
4	0.347834932711136	0.161052119481355	0.260272207691631	0.230840740115878
5	0.218434491154615	0.266796489964549	0.222847160583248	0.291921858297588
6	0.203493521997578	0.476102978060624	0.166606404517195	0.153797095424604
7	0.153604224438366	0.207344015228505	0.489987226791978	0.14906453354115
8	0.22534886846301	0.143688782479047	0.516796783071113	0.114165565986829
9	0.428390182723711	0.157595941050345	0.290044518199716	0.123969358026228
10	0.393752030660157	0.115090796032636	0.315993406352414	0.175163766954794
