Pos	A	C	G	T
1	0.261986699738167	0.212362291469011	0.241844205067457	0.283806803725365
2	0.194988047941815	0.369791104574682	0.247878390258815	0.187342457224688
3	0.342573152207789	0.189897645305205	0.360137253307432	0.107391949179573
4	0.425953123973258	0.085998452582383	0.438925327847684	0.0491230955966752
5	0.0630336031837674	0.0356471060967439	0.901146613641666	0.00017267707782212
6	0.781913029294978	0.027159951560237	2.82049868040917e-05	0.190898814157981
7	0.982814940862955	2.9025539754913e-05	0.00382065106443515	0.0133353825328553
8	0.00288210703647858	0.0721337212452409	0.0011601178986187	0.923824053819662
9	0.0184358360538597	0.0481488079986663	0.753174078835816	0.180241277111658
10	0.0872391697697418	0.343316727346191	0.101357454743105	0.468086648140962
