Pos	A	C	G	T
1	0.231217265782194	0.129674983470115	0.110158304641926	0.528949400700329
2	0.0995918525314793	0.285966433838732	0.0364941997269076	0.577947488847058
3	0.105809099781491	0.109352085055271	0.0115282744022956	0.773310876385483
4	0.0608453859739247	0.119288683500648	0.00658776913516259	0.813277900311648
5	0.126500324514926	0.115232222486865	0.0223212939181569	0.735946187614762
6	0.1214495854086	0.123004488748206	0.673175374975513	0.0823706987620631
7	0.0847147907660955	0.10139607084305	0.0377409951727113	0.776148039372438
8	0.316956228627841	0.018336981914654	0.379078829474039	0.285627776003589
9	0.195858575360217	0.225160034157558	0.22450488800486	0.354476434761094
10	0.226010982521284	0.400663498753937	0.0758280046374975	0.297497706453581
