Pos	A	C	G	T
1	0.127526084113732	0.657418580655711	0.0608444693301708	0.154210865900387
2	0.00134203070866019	0.716360778028876	0.0390242762519611	0.243272915010503
3	0.000214570136951633	0.926006619697507	0.00430975640617204	0.0694690537593696
4	3.22710181822704e-05	0.894633624918832	0.0853204593322289	0.0200136447307568
5	0.340785583646848	0.0373843995447486	0.508392350250122	0.113437666558281
6	0.104262960694722	0.55386234208507	0.199719958142689	0.142154739077519
7	0.404413152866338	0.192951142876377	0.215387129458876	0.187248574798409
8	0.258246098820295	0.258246098820295	0.189409815146458	0.294097987212951
9	0.248830036895881	0.241475997919542	0.205772271817115	0.303921693367461
