Pos	A	C	G	T
1	0.230713572350613	0.273465916564782	0.196601137714093	0.299219373370512
2	0.18293541120171	0.286899834523494	0.154336170144905	0.375828584129892
3	4.39785396196759e-05	0.988260669371519	0.00215102935940437	0.00954432272945688
4	1.1265557212444e-05	0.0481342872741835	0.947659021703542	0.00419542546506217
5	0.0473996993741575	0.000161801644168261	0.952048411445309	0.000390087536365111
6	0.85258978995014	0.00302913933106585	0.10440510047928	0.0399759702395139
7	0.0759187949512504	0.364914938529265	0.528299987883547	0.0308662786359374
8	0.178874776676764	0.163479236665806	0.0517635373684671	0.605882449288963
9	0.226011300874428	0.157682734054191	0.133031374910065	0.483274590161316
10	0.20177518703433	0.269657906340953	0.212120422093266	0.31644648453145
