Pos	A	C	G	T
1	0.267934231071596	0.217183266670474	0.260015577829502	0.254866924428428
2	0.253270870705217	0.236148194610534	0.207360650712202	0.303220283972047
3	0.244018777766661	0.201793557134311	0.295079608825682	0.259108056273346
4	0.555310122272449	0.00173243292833944	0.212624295362561	0.230333149436651
5	0.0316488552083221	0.841092781761706	0.000192955049460023	0.127065407980511
6	0.319536842718697	0.00722012727945733	0.669728616759824	0.0035144132420213
7	0.0971804418047341	0.809623621499618	0.00700461680808014	0.0861913198875677
8	0.05409510190078	0.0153442934713366	0.871960080315001	0.0586005243128824
9	0.292763679819244	0.177570147875658	0.157490593105	0.372175579200098
