Pos	A	C	G	T
1	0.305481761640071	0.211006740161558	0.215269359066772	0.268242139131599
2	0.198849149968908	0.192972269438222	0.161183988295076	0.446994592297793
3	0.401294092423641	0.086894484115376	0.137647291715991	0.374164131744992
4	0.436507995801273	0.10342086111717	0.13016549682393	0.329905646257626
5	0.837675738262242	0.0279559785682927	0.129105652235441	0.00526263093402495
6	0.0431635931525824	0.0869208025648918	0.100987564822758	0.768928039459768
7	0.141751881585194	0.0959740859066261	0.126986174268887	0.635287858239293
8	0.469906974736812	0.0884586091423326	0.337827276662317	0.103807139458538
9	0.254960369686775	0.276195271247578	0.296221688033254	0.172622671032393
