Pos	A	C	G	T
1	0.220056122149646	0.189404059600165	0.231338640794562	0.359201177455627
2	0.228777003901215	0.119432068719777	0.191090616420414	0.460700310958595
3	0.135092255492487	0.0795159729550529	0.0677590424790844	0.717632729073375
4	0.147661544140198	0.0637470425201538	0.617033175027778	0.17155823831187
5	0.840037441668614	0.00601013051785943	0.0762064774255371	0.0777459503879891
6	0.0354398543472415	0.843733777514388	0.00078492823679907	0.120041439901572
7	0.593562078171223	0.0109807287659323	0.329027655146808	0.0664295379160359
8	0.0622074792777932	0.2215116619365	0.368881420168914	0.347399438616793
9	0.233276201650873	0.334361641522778	0.257810073939341	0.174552082887007
10	0.326237287947971	0.163632816490781	0.205948264452086	0.304181631109161
