Pos	A	C	G	T
1	0.120333519683907	0.181320687592384	0.137039227678376	0.561306565045333
2	0.393226687049164	0.0303982869908559	0.0239121394766734	0.552462886483307
3	0.66605972449425	0.0484910547786892	0.068127390571295	0.217321830155766
4	0.968997765690894	5.70551067979241e-05	0.03045536918979	0.000489810012518202
5	0.0588994128057534	0.0267311919506443	0.182332350070865	0.732037045172737
6	0.0883828801611271	0.0341812855348545	0.190886361959497	0.686549472344521
7	0.445525494960267	0.04936563199088	0.450003100624114	0.0551057724247386
8	0.363920025078573	0.205806031853917	0.277809084736203	0.152464858331308
9	0.269688293565391	0.199790001787923	0.17368908340878	0.356832621237906
10	0.294362719759533	0.220260898860184	0.205369900866593	0.28000648051369
