Pos	A	C	G	T
1	0.13879939632483	0.196965719077259	0.154938722307459	0.509296162290452
2	0.450376485739595	0.0579791734899727	0.0412678550308367	0.450376485739595
3	0.59673110177913	0.0723464653130318	0.0654617888789772	0.265460644028861
4	0.96111161164902	0.000359907057207938	0.0384012704593091	0.000127210834462494
5	0.0455305548257313	0.0428790617297214	0.116557374301592	0.795033009142955
6	0.116670769737895	0.0545630020268201	0.221263883957795	0.60750234427749
7	0.494420881682456	0.0435272484037693	0.412975034381606	0.0490768355321688
8	0.309269628933421	0.233740957284977	0.297142993331796	0.159846420449807
9	0.224624050213305	0.248247967791916	0.211542963883081	0.315585018111698
