Pos	A	C	G	T
1	0.30921108608982	0.230262972613497	0.230262972613497	0.230262972613497
2	0.211230549347839	0.211230549347839	0.211230549347839	0.366308355886793
3	0.23235002272862	0.15326649867573	0.229749555613931	0.384633926912027
4	0.245064507437461	0.000141597668011014	0.000141597668011014	0.754652301156827
5	0.000141597668011014	0.0766246546062118	0.642317935240628	0.28091581641546
6	0.999575210926278	0.000141597668011014	0.000141597668011014	0.000141597668011014
7	0.000141597668011014	0.923092153988077	0.000141597668011014	0.0766246546062118
8	0.239039673614852	0.000141597668011014	0.760677134979437	0.000141597668011014
9	0.0198786260370919	0.10369889544498	0.0960083190997213	0.780414163348518
10	0.403505537458086	0.518672367866726	0.0389110493027493	0.0389110493027493
11	0.457114581766601	0.0968750999748578	0.0968750999748578	0.349135222213995
