Pos	A	C	G	T
1	0.314867696346422	0.207135864963725	0.183010467567138	0.294986077349957
2	0.198798284262831	0.22488051020589	0.20680676895429	0.369514601923767
3	0.325665973118454	0.166437303871843	0.104041742061962	0.403854875558178
4	0.515299499798776	0.168946170774776	0.0927351482393458	0.223019028530995
5	0.69771644385092	0.158556003422704	0.116497577916529	0.0272301849935413
6	0.0272301849935413	0.116497577916529	0.158556003422704	0.69771644385092
7	0.223019028530995	0.0927351482393458	0.168946170774776	0.515299499798776
8	0.403854875558178	0.104041742061962	0.166437303871843	0.325665973118454
9	0.369514601923767	0.20680676895429	0.22488051020589	0.198798284262831
10	0.294986077349957	0.183010467567138	0.207135864963725	0.314867696346422
