Pos	A	C	G	T
1	0.202451182350129	0.247274432506884	0.162470879511745	0.387803505631242
2	0.212116273698327	0.367651171492264	0.133905534542027	0.286327020267383
3	0.00997821201660469	0.982798305848769	0.000121286946565856	0.00710219518806026
4	0.00038093328623555	0.15835969211873	0.841233256607396	2.61179876384842e-05
5	0.00425967295128339	0.00938574815662474	0.952597424225084	0.0337571546670083
6	0.464461050329575	0.226077464080947	0.200512723178644	0.108948762410834
7	0.279422325123362	0.222010426608746	0.198884518551554	0.299682729716339
8	0.276188420886169	0.244957154873547	0.299191344583513	0.17966307965677
9	0.352479733980337	0.164842937805144	0.205406948993021	0.277270379221498
10	0.337090576799	0.235180115188589	0.235180115188589	0.192549192823823
