Pos	A	C	G	T
1	0.218533714893873	0.286271397784596	0.152465799339081	0.34272908798245
2	0.204794844358351	0.344470590696277	0.135912149694459	0.314822415250913
3	0.000548465654295534	0.972013195513046	0.000342792278037072	0.0270955465546212
4	0.000459107714372909	0.118099746232085	0.881415884468732	2.52615848099062e-05
5	0.011027187204963	0.00587298949415627	0.944224340591576	0.0388754827093052
6	0.49649647244426	0.220870460648277	0.17725269659146	0.105380370316003
7	0.310418223223829	0.239348463289568	0.163681177408519	0.286552136078084
8	0.298801330708644	0.242203651355944	0.270366624588684	0.188628393346727
9	0.334284457226137	0.185302995521576	0.21745507966604	0.262957467586247
10	0.31969583460764	0.229836922991568	0.256561916912466	0.193905325488325
