Pos	A	C	G	T
1	0.208219413620479	0.256875722231533	0.184674053265008	0.350230810882979
2	0.207927554649886	0.36039106156123	0.136618138544319	0.295063245244565
3	0.0108025540302312	0.934285989249532	0.0240415261232829	0.0308699305969542
4	0.000273621124120939	0.150503917050619	0.848940507697326	0.000281954127934451
5	0.00740378286935202	0.0168102877996611	0.945762109291764	0.0300238200392231
6	0.438861432931079	0.224569159715935	0.21576367701584	0.120805730337146
7	0.297924785380646	0.214185198999696	0.189965230239011	0.297924785380646
8	0.275106250869813	0.246449570367207	0.280663765786172	0.197780412976808
9	0.322758209925544	0.178913682151623	0.21206725541582	0.286260852507012
10	0.312869566380712	0.236461731478026	0.238838211387989	0.211830490753273
