Pos	A	C	G	T
1	0.142857	0.607143	0.0	0.25
2	0.678571	0.178571	0.0	0.142857
3	0.071429	0.857143	0.0	0.071429
4	0.0	1.0	0.0	0.0
5	0.928571	0.0	0.035714	0.035714
6	0.107143	0.892857	0.0	0.0
7	0.5	0.142857	0.0	0.357143
8	0.25	0.678571	0.035714	0.035714
9	0.035714	0.964286	0.0	0.0
10	0.035714	0.928571	0.035714	0.0
11	0.964286	0.0	0.035714	0.0
12	0.142857	0.857143	0.0	0.0
13	0.571429	0.142857	0.035714	0.25
14	0.0	0.714286	0.0	0.285714
15	0.821429	0.071429	0.107143	0.0
16	0.0	1.0	0.0	0.0
17	0.214286	0.785714	0.0	0.0
18	0.428571	0.571429	0.0	0.0
19	0.357143	0.25	0.0	0.392857
20	0.535714	0.392857	0.071429	0.0
21	0.214286	0.75	0.035714	0.0
