Pos	A	C	G	T
1	0.2	0.6	0.2	0.0
2	0.133333	0.733333	0.133333	0.0
3	0.8	0.0	0.133333	0.066667
4	0.066667	0.933333	0.0	0.0
5	0.933333	0.0	0.066667	0.0
6	0.0	1.0	0.0	0.0
7	0.133333	0.866667	0.0	0.0
8	0.0	1.0	0.0	0.0
9	0.933333	0.066667	0.0	0.0
10	0.0	0.933333	0.0	0.066667
11	0.8	0.0	0.2	0.0
12	0.0	1.0	0.0	0.0
13	0.733333	0.266667	0.0	0.0
14	0.0	0.933333	0.0	0.066667
15	0.0	0.933333	0.066667	0.0
16	0.666667	0.133333	0.133333	0.066667
17	0.0	0.733333	0.133333	0.133333
18	0.733333	0.066667	0.133333	0.066667
19	0.2	0.8	0.0	0.0
20	0.266667	0.533333	0.066667	0.133333
21	0.066667	0.866667	0.0	0.066667
22	0.4	0.266667	0.133333	0.2
23	0.2	0.533333	0.133333	0.133333
24	0.6	0.266667	0.133333	0.0
25	0.133333	0.733333	0.0	0.133333
26	0.2	0.533333	0.2	0.066667
27	0.133333	0.666667	0.066667	0.133333
28	0.466667	0.2	0.0	0.333333
