Pos	A	C	G	T
1	0.157932819740169	0.0288779894925877	0.0201946102707427	0.792994580496501
2	0.000252934204565164	0.0929617456844607	0.071089533152563	0.835695786958411
3	0.00016928398736616	0.867216636332401	0.132444912990928	0.00016916668930471
4	0.871544315219024	0.0510614080163123	0.0100991461331886	0.0672951306314755
5	0.0102020778135659	0.928348259479372	0.000108181244743535	0.0613414814623185
6	0.889674250346238	0.0100900721830454	0.100069921426092	0.000165756044624759
7	0.0430137048702255	0.000138932468092674	0.0392455098574744	0.917601852804207
8	0.0113222961964422	0.000129482216183454	0.988314138166104	0.00023408342127051
9	0.0464899609564535	0.712417187328611	0.115566425278764	0.125526426436171
