Pos	A	C	G	T
1	0.109011885755011	0.205162320383021	0.09987582047191	0.585949973390059
2	0.0361202786945072	0.0466629996333093	0.711312797946142	0.205903923726041
3	0.402814014162992	0.588054416697988	0.0	0.00913156913901982
4	0.0	0.0	0.0	1.0
5	0.0	0.0188481675392943	0.240456925273928	0.740694907186778
6	0.990790847811643	0.0	0.00920915218835668	0.0
7	0.0	0.774370411672	0.108540098504	0.117089489824
8	0.0163203339975018	0.00920390928931101	0.00929879495208102	0.965176961761106
9	0.797087655848	0.202912344152	0.0	0.0
10	0.981612446959	0.0	0.0	0.018387553041
11	0.0801586569504599	0.017987270546991	0.238169910524881	0.663684161977668
