Pos	A	C	G	T
1	0.102941176471	0.897058823529	0.0	0.0
2	0.469194312796	0.530805687204	0.0	0.0
3	0.0	0.979381443299	0.0	0.020618556701
4	0.0	0.897058823529	0.0	0.102941176471
5	0.0	0.0	1.0	0.0
6	0.0	1.0	0.0	0.0
7	0.23417721519	0.0	0.0	0.76582278481
8	0.0	0.369791666667	0.0	0.630208333333
9	0.15811965812	0.722222222222	0.0	0.119658119658
10	0.0	0.760162601626	0.0	0.239837398374
11	0.0	0.0	0.760162601626	0.239837398374
12	0.0229007633587817	0.0	0.870229007633304	0.106870229007914
13	0.134615384615	0.538461538462	0.0	0.326923076923
14	0.23417721519	0.0	0.0	0.76582278481
15	0.0	0.0	0.0	1.0
