Pos	A	C	G	T
1	0.113395695842239	0.000115339075904533	0.777637118567023	0.108851846514833
2	0.302505176298373	0.584697747004476	0.0265851227392586	0.0862119539578922
3	0.026664517317062	0.017662045250183	0.00891713655479184	0.946756300877963
4	0.0440718518589381	0.000126966237570814	0.223250069857987	0.732551112045504
5	0.881529640951995	0.0561648833305457	0.000104501566438247	0.0622009741510207
6	0.0532220086248524	0.730470528613498	0.0776913597838369	0.138616102977813
7	0.112679949838041	0.000143469723306855	0.0472688617495581	0.839907718689094
8	0.940023227747643	0.0298215594872548	9.98069298114741e-05	0.0300554058352911
9	0.964320845224107	0.00890799425228654	0.000133981027600521	0.0266371794960056
10	0.0178165467932036	0.0597918538964884	0.0485997517186327	0.873791847591675
