Pos	A	C	G	T
1	0.0	0.182203389830818	0.18961864406781	0.628177966101372
2	0.120599739243952	0.67601043024773	0.0971316818773612	0.106258148630958
3	0.0	0.162323943662	0.0	0.837676056338
4	0.0331978319783232	0.303861788618213	0.498983739837349	0.163956639566115
5	1.0	0.0	0.0	0.0
6	0.0	0.0	0.0	1.0
7	0.0	0.0	0.0	1.0
8	0.0	0.0	1.0	0.0
9	0.0	0.0	1.0	0.0
10	0.0	0.488610102344	0.0	0.511389897656
11	0.0331171048139033	0.39911232502604	0.138272447934014	0.429498122226043
12	0.259294871794922	0.376602564102887	0.3326923076919	0.0314102564102906
13	0.489261744966196	0.0889261744966356	0.308053691275123	0.113758389262046
14	0.357213276371893	0.0874137364442738	0.443969766677867	0.111403220505967
15	0.503020667726598	0.191414944355847	0.0941176470587247	0.211446740858831
