Pos	A	C	G	T
1	0.110429447853	0.116564417178	0.0	0.773006134969
2	0.117021276595883	0.186170212765814	0.207446808510793	0.489361702127511
3	0.0	0.87072243346	0.0	0.12927756654
4	0.0	0.90036900369	0.0	0.09963099631
5	0.0117647058823953	0.0	0.170588235293932	0.817647058823673
6	0.130952380952131	0.160714285714161	0.0	0.708333333333708
7	0.0	0.0	0.0	1.0
8	0.260089686098792	0.219730941703824	0.448430493273641	0.0717488789237426
9	0.322429906541936	0.154205607476969	0.44859813084091	0.0747663551401851
10	0.715846994536	0.0	0.284153005464	0.0
