Pos	A	C	G	T
1	0.0814229249011837	0.0	0.918577075098816	0.0
2	0.0	0.0	1.0	0.0
3	0.517503805174896	0.436073059360913	0.0	0.0464231354641907
4	1.0	0.0	0.0	0.0
5	1.0	0.0	0.0	0.0
6	0.0	0.809486166008	0.0	0.190513833992
7	0.0	0.402818991098	0.0	0.597181008902
8	0.0533433508639947	0.450037565739955	0.429000751314957	0.0676183320810932
9	0.346518987342	0.0	0.0	0.653481012658
10	0.728063241107	0.0	0.0	0.271936758893
11	1.0	0.0	0.0	0.0
12	0.0	0.0	1.0	0.0
13	1.0	0.0	0.0	0.0
14	0.643196202532	0.0	0.356803797468	0.0
15	0.10031104199092	0.830482115085336	0.0692068429237446	0.0
