Pos	A	C	G	T
1	0.618774790657	0.0	0.381225209343	0.0
2	0.0617487626678691	0.736035823709632	0.117134103228941	0.0850813103935574
3	0.0	0.907305389221637	0.0	0.0926946107783629
4	0.943695861405189	0.0563041385948113	0.0	0.0
5	1.0	0.0	0.0	0.0
6	0.0	0.0	0.0	1.0
7	0.174592690444825	0.419198590928581	0.287978863936712	0.118229854689882
8	0.841377747564	0.0	0.158622252436	0.0
9	0.135711178772986	0.147237929534985	0.69573727707693	0.0213136146150979
10	0.539765024853108	0.287618617262058	0.143922277451029	0.0286940804338057
11	0.212738853503128	0.093418259023456	0.308067940552185	0.385774946921231
12	0.0991030409100901	0.471450448479953	0.248742069568975	0.180704441040982
13	0.0952904929576809	0.546874999999891	0.332966549295933	0.024867957746495
14	0.022458902523709	0.488075943505195	0.443158138458177	0.0463070155129185
15	0.406775807185	0.234879490678	0.212596634834	0.145748067303
