Pos	A	C	G	T
1	0.428571428571429	0.0	0.428571428571429	0.142857142857143
2	0.714285714285714	0.285714285714286	0.0	0.0
3	0.142857142857143	0.428571428571429	0.142857142857143	0.285714285714286
4	0.571428571428571	0.142857142857143	0.285714285714286	0.0
5	0.0	0.857142857142857	0.142857142857143	0.0
6	0.0	0.142857142857143	0.857142857142857	0.0
7	0.0	0.714285714285714	0.285714285714286	0.0
8	0.0	0.142857142857143	0.0	0.857142857142857
9	0.0	0.0	1.0	0.0
10	0.142857142857143	0.285714285714286	0.285714285714286	0.285714285714286
11	0.0	0.714285714285714	0.0	0.285714285714286
