Pos	A	C	G	T
1	1.0	0.0	0.0	0.0
2	0.0	1.0	0.0	0.0
3	0.0	1.0	0.0	0.0
4	0.0	0.475490196078	0.0	0.524509803922
5	0.0	0.0	0.0	1.0
6	0.532338308458053	0.383084577114038	0.0845771144279085	0.0
7	1.0	0.0	0.0	0.0
8	0.616580310880753	0.0880829015543648	0.295336787564882	0.0
9	0.0	0.0	1.0	0.0
10	0.0	0.0	1.0	0.0
11	0.0	0.0	0.0	1.0
12	0.0985915492957211	0.455399061032636	0.173708920187861	0.272300469483782
13	0.643243243243257	0.0	0.308108108108123	0.0486486486486195
14	0.0526315789474105	0.0994152046784199	0.0	0.84795321637417
15	0.188524590164	0.0	0.811475409836	0.0
