Pos	A	C	G	T
1	0.111111111111	0.0	0.0	0.888888888889
2	0.0	0.555555555555444	0.277777777777722	0.166666666666833
3	0.111111111111	0.0	0.888888888889	0.0
4	0.0	0.0	1.0	0.0
5	0.0	1.0	0.0	0.0
6	0.0	0.0	1.0	0.0
7	0.0	0.0	1.0	0.0
8	0.0	0.944444444444378	0.0	0.0555555555556222
9	0.0555555555556222	0.0	0.0	0.944444444444378
10	1.0	0.0	0.0	0.0
11	0.555555555555667	0.0555555555555667	0.0	0.388888888888767
12	0.388888888889156	0.111111111111044	0.0555555555556222	0.444444444444178
13	0.111111111111044	0.0	0.0555555555556222	0.833333333333333
