Pos	A	C	G	T
1	0.358267717	0.271653543	0.192913386	0.177165354
2	0.0944881890944882	0.433070866433071	0.393700787393701	0.0787401570787402
3	0.374015748	0.44488189	0.153543307	0.027559055
4	0.003937008	0.098425197	0.003937008	0.893700787
5	0.001968504	0.001968504	0.994094488	0.001968504
6	0.001968504	0.986220472	0.001968504	0.00984252
7	0.911417322088583	0.00590551199409449	0.0688976379311024	0.0137795279862205
8	0.0787401570787402	0.220472441220472	0.362204724362205	0.338582677338583
9	0.216535432783465	0.42125984257874	0.224409448775591	0.137795275862205
10	0.322834646	0.275590551	0.212598425	0.188976378
