Pos	A	C	G	T
1	0.0656934306569066	0.934306569343093	0.0	0.0
2	0.0688405797101344	0.902173913043451	0.0289855072464145	0.0
3	0.131313131313131	0.464646464646465	0.0	0.404040404040404
4	0.154867256637077	0.0353982300885177	0.663716814159332	0.146017699115073
5	0.885542168674734	0.0481927710842855	0.0662650602409801	0.0
6	0.0	0.29347826087	0.0	0.70652173913
7	0.053333333333284	0.448888888888865	0.239999999999928	0.257777777777923
8	0.0444444444444133	0.591111111111177	0.093333333333328	0.271111111111081
9	0.0102040816327031	0.0	0.989795918367297	0.0
10	0.13307984790892	0.0304182509505817	0.836501901140498	0.0
