Pos	A	C	G	T
1	0.189189189189189	0.135135135135135	0.567567567567568	0.108108108108108
2	0.189189189189189	0.405405405405405	0.243243243243243	0.162162162162162
3	0.0540540540540541	0.783783783783784	0.135135135135135	0.027027027027027
4	0.0	0.0	0.0	1.0
5	0.0	1.0	0.0	0.0
6	0.0	0.0	1.0	0.0
7	0.837837837837838	0.0	0.162162162162162	0.0
8	0.405405405405405	0.027027027027027	0.513513513513513	0.0540540540540541
9	0.135135135135135	0.135135135135135	0.72972972972973	0.0
10	0.405405405405405	0.486486486486487	0.0540540540540541	0.0540540540540541
11	0.135135135135135	0.243243243243243	0.459459459459459	0.162162162162162
12	0.459459459459459	0.108108108108108	0.351351351351351	0.0810810810810812
