Pos	A	C	G	T
1	0.01190356842832	0.96428929471504	0.01190356842832	0.01190356842832
2	0.01190356842832	0.96428929471504	0.01190356842832	0.01190356842832
3	0.01190356842832	0.96428929471504	0.01190356842832	0.01190356842832
4	0.01190356842832	0.96428929471504	0.01190356842832	0.01190356842832
5	0.488090790732195	0.011909209267805	0.488090790732195	0.011909209267805
6	0.011909209267805	0.488090790732195	0.488090790732195	0.011909209267805
7	0.488090790732195	0.011909209267805	0.011909209267805	0.488090790732195
8	0.488090790732195	0.011909209267805	0.011909209267805	0.488090790732195
9	0.488090790732195	0.011909209267805	0.011909209267805	0.488090790732195
10	0.488090790732195	0.011909209267805	0.011909209267805	0.488090790732195
