Pos	A	C	G	T
1	0.166666666833333	0.166666666833333	0.166666666833333	0.4999999995
2	0.0	0.0	0.0	1.0
3	0.0	0.0	0.0	1.0
4	0.0	1.0	0.0	0.0
5	0.166666666833333	0.4999999995	0.166666666833333	0.166666666833333
6	0.0	0.0	0.0	1.0
7	0.4999999995	0.166666666833333	0.166666666833333	0.166666666833333
8	1.0	0.0	0.0	0.0
9	0.0	0.0	0.0	1.0
10	0.0	0.0	0.0	1.0
11	0.4999999995	0.166666666833333	0.166666666833333	0.166666666833333
12	0.0	0.0	1.0	0.0
13	0.166666666833333	0.166666666833333	0.166666666833333	0.4999999995
14	0.25	0.25	0.25	0.25
15	0.166666666833333	0.4999999995	0.166666666833333	0.166666666833333
16	0.4999999995	0.166666666833333	0.166666666833333	0.166666666833333
17	0.166666666833333	0.166666666833333	0.166666666833333	0.4999999995
18	0.0	1.0	0.0	0.0
19	1.0	0.0	0.0	0.0
20	1.0	0.0	0.0	0.0
21	0.0	0.0	0.0	1.0
22	0.166666666833333	0.166666666833333	0.4999999995	0.166666666833333
