Pos	A	C	G	T
1	0.647660819	0.08625731	0.203216374	0.062865497
2	0.084795322	0.020467836	0.880116959	0.014619883
3	0.919590643919591	0.00146198800146199	0.00146198800146199	0.0774853800774854
4	0.119883040880117	0.00292397699707602	0.00877192999122807	0.868421052131579
5	0.029239766	0.941520468	0.011695906	0.01754386
6	0.0599415200599415	0.270467836270468	0.0423976610423977	0.627192982627193
7	0.514619883	0.187134503	0.18128655	0.116959064
8	0.283625731	0.330409357	0.213450292	0.17251462
9	0.323099415	0.252923977	0.211988304	0.211988304
