Pos	A	C	G	T
1	0.358178	0.236025	0.269151	0.136646
2	0.0	1.0	0.0	0.0
3	0.0	0.987578	0.0	0.012422
4	0.0	1.0	0.0	0.0
5	0.006211	0.993789	0.0	0.0
6	0.407867	0.004141	0.308489	0.279503
7	0.0	0.981366	0.008282	0.010352
8	0.26501	0.26087	0.165631	0.308489
9	0.22981377018623	0.256728743271257	0.202898797101203	0.310558689441311
10	0.24016575983424	0.258798741201259	0.202898797101203	0.298136701863298
11	0.252588	0.238095	0.252588	0.256729
12	0.254658	0.219462	0.26087	0.26501
13	0.219461780538219	0.260869739130261	0.256728743271257	0.262939737060263
14	0.256729	0.238095	0.258799	0.246377
