Pos	A	C	G	T
1	0.307624113307624	0.254432624254433	0.22960992922961	0.208333333208333
2	0.334219858	0.249113475	0.217198582	0.199468085
3	0.721631206721631	0.108156028108156	0.0975177300975177	0.072695035072695
4	0.098404255	0.020390071	0.864361702	0.016843972
5	0.99734042500266	0.000886524999113475	0.000886524999113475	0.000886524999113475
6	0.02570922	0.000886525	0.000886525	0.97251773
7	0.008865248	0.895390071	0.030141844	0.065602837
8	0.140957446859043	0.187056737812943	0.140957446859043	0.531028368468972
9	0.30141844	0.230496454	0.212765957	0.255319149
10	0.317375886682624	0.24999999975	0.246453900753546	0.18617021281383
11	0.302304965	0.259751773	0.22429078	0.213652482
