Pos	A	C	G	T
1	0.248913043248913	0.0923913040923913	0.479347826479348	0.179347826179348
2	0.183695652	0.418478261	0.205434783	0.192391304
3	0.00108695699891304	0.00108695699891304	0.00108695699891304	0.996739129003261
4	0.996739129003261	0.00108695699891304	0.00108695699891304	0.00108695699891304
5	0.00108695699891304	0.00108695699891304	0.996739129003261	0.00108695699891304
6	0.00108695699891304	0.996739129003261	0.00108695699891304	0.00108695699891304
7	0.00108695699891304	0.00108695699891304	0.996739129003261	0.00108695699891304
8	0.001086957	0.644565217	0.175	0.179347826
9	0.448913043448913	0.166304348166304	0.188043478188043	0.196739130196739
