Pos	A	C	G	T
1	0.355263158	0.210526316	0.236842105	0.197368421
2	0.309210526309211	0.256578947256579	0.177631579177632	0.256578947256579
3	0.802631579	0.039473684	0.118421053	0.039473684
4	0.029605263	0.003289474	0.963815789	0.003289474
5	0.976973684	0.003289474	0.003289474	0.016447368
6	0.00328947399671053	0.00328947399671053	0.00328947399671053	0.990131578009868
7	0.00328947399671053	0.990131578009868	0.00328947399671053	0.00328947399671053
8	0.0460526319539474	0.282894736717105	0.0328947369671053	0.638157894361842
9	0.398026316	0.200657895	0.226973684	0.174342105
10	0.286184210713816	0.259868420740132	0.233552631766447	0.220394736779605
11	0.332236842332237	0.240131579240132	0.213815789213816	0.213815789213816
