Pos	A	C	G	T
1	0.169864991133111	0.28732626817195	0.266797955616137	0.276010785078802
2	0.272993192914735	0.270889780363327	0.251143363740225	0.204973662981714
3	0.206111585780479	0.315978129257805	0.275699449186925	0.202210835774791
4	0.253690714795642	0.000658933522310495	0.654353050953818	0.0912973007282295
5	0.00096601946900776	0.000965054414593167	0.965054414593167	0.0330145115232322
6	0.057495000316722	0.000904920050313555	0.0366800293194096	0.904920050313555
7	0.000953655217400012	0.0339701524990058	0.953655217400012	0.0114209748835825
8	0.000995143698750099	0.000996138842448849	0.995143698750099	0.00286501870870154
9	0.0142151745931178	0.983817191024833	0.000983817191024833	0.000983817191024833
10	0.591337030766674	0.000596659064043574	0.406589741603458	0.00147656856582439
11	0.916220772557355	0.000916220772557355	0.00131294436707469	0.0815500623030125
12	0.586224887591377	0.204251302884813	0.0705240264270178	0.138999783096792
