Pos	A	C	G	T
1	0.531645569620253	0.0632911392405063	0.164556962025316	0.240506329113924
2	0.0	0.0	0.0	1.0
3	0.0506329113924051	0.0	0.0	0.949367088607595
4	0.873417721518987	0.0	0.126582278481013	0.0
5	0.113924050632911	0.0	0.341772151898734	0.544303797468355
6	0.0	0.0126582278481013	0.0	0.987341772151899
7	0.670886075949368	0.164556962025316	0.0	0.164556962025316
8	1.0	0.0	0.0	0.0
9	0.189873417721519	0.0126582278481013	0.139240506329114	0.658227848101266
10	0.265822784810127	0.151898734177215	0.0	0.582278481012658
11	0.240506329113924	0.113924050632911	0.30379746835443	0.341772151898734
