Pos	A	C	G	T
1	0.148651135090235	0.261334837905823	0.276561424955529	0.313452602048413
2	0.491549284697481	0.26269819267159	0.1235287929909	0.122223729640029
3	0.00095999692800983	0.0361006844778097	0.00294239058435013	0.95999692800983
4	0.000650211969101927	0.0401024734063305	0.30903534552264	0.650211969101927
5	0.97980811437888	0.00097980811437888	0.00097980811437888	0.0182322693923622
6	0.0908808724907259	0.445815513510564	0.447265997139287	0.0160376168594234
7	0.0138794984366742	0.000984152197168988	0.000984152197168988	0.984152197168988
8	0.554765015408598	0.444125454560585	0.000554765015408598	0.000554765015408598
9	0.997008973080758	0.000997008973080758	0.000997008973080758	0.000997008973080758
10	0.000328846022876527	0.0219353918099828	0.648611484963564	0.329124277203576
11	0.104331867793785	0.715479031098296	0.0793523483810498	0.100836752726869
12	0.362543854210965	0.241066284980497	0.26910687684059	0.127282983967948
