Pos	A	C	G	T
1	0.01190356842832	0.96428929471504	0.01190356842832	0.01190356842832
2	0.01190356842832	0.96428929471504	0.01190356842832	0.01190356842832
3	0.01190356842832	0.01190356842832	0.96428929471504	0.01190356842832
4	0.25	0.25	0.25	0.25
5	0.25	0.25	0.25	0.25
6	0.25	0.25	0.25	0.25
7	0.25	0.25	0.25	0.25
8	0.01190356842832	0.96428929471504	0.01190356842832	0.01190356842832
9	0.01190356842832	0.01190356842832	0.96428929471504	0.01190356842832
10	0.01190356842832	0.01190356842832	0.96428929471504	0.01190356842832
