Pos	A	C	G	T
1	0.0228243063671493	0.119623910826096	0.109794383457257	0.747757399349498
2	0.0287900573357588	0.911624998139821	0.0226413033838317	0.0369436411405887
3	0.00869574308012652	0.807740028333772	0.162845613859444	0.0207186147266571
4	0.0180846053126548	0.0446686432641171	0.928631869944076	0.00861488147915166
5	0.25	0.25	0.25	0.25
6	0.25	0.25	0.25	0.25
7	0.25	0.25	0.25	0.25
8	0.25	0.25	0.25	0.25
9	0.25	0.25	0.25	0.25
10	0.25	0.25	0.25	0.25
11	0.25	0.25	0.25	0.25
12	0.25	0.25	0.25	0.25
13	0.25	0.25	0.25	0.25
14	0.353860175579311	0.191790523956191	0.252498086065943	0.201851214398556
15	0.00861488147915167	0.928631869944077	0.0446686432641171	0.0180846053126548
16	0.0207186147266571	0.162845613859444	0.807740028333772	0.00869574308012652
17	0.0369436411405887	0.0226413033838317	0.911624998139821	0.0287900573357588
18	0.747757399349498	0.109794383457257	0.119623910826096	0.0228243063671493
