Pos	A	C	G	T
1	0.0103706259773572	0.0565823334679083	0.186598011906005	0.74644902864873
2	0.0434202384897794	0.906685744401951	0.0387871615023718	0.0111068556058979
3	0.00534704206754884	0.842046011574487	0.0895048305920726	0.0631021157658913
4	0.00756673824440105	0.033952962650894	0.895351564549066	0.0631287345556386
5	0.25	0.25	0.25	0.25
6	0.25	0.25	0.25	0.25
7	0.25	0.25	0.25	0.25
8	0.25	0.25	0.25	0.25
9	0.25	0.25	0.25	0.25
10	0.25	0.25	0.25	0.25
11	0.25	0.25	0.25	0.25
12	0.25	0.25	0.25	0.25
13	0.25	0.25	0.25	0.25
14	0.126474635903804	0.309147316268134	0.433193442812984	0.131184605015078
15	0.0631287345556386	0.895351564549066	0.033952962650894	0.00756673824440105
16	0.0631021157658913	0.0895048305920726	0.842046011574487	0.00534704206754884
17	0.0111068556058979	0.0387871615023718	0.906685744401951	0.0434202384897794
18	0.74644902864873	0.186598011906005	0.0565823334679083	0.0103706259773572
