Pos	A	C	G	T
1	0.246323529	0.378676471	0.109068627	0.265931373
2	0.00122549000122549	0.996323529996323	0.00122549000122549	0.00122549000122549
3	0.00122549000122549	0.00122549000122549	0.996323529996323	0.00122549000122549
4	0.00122549000122549	0.00122549000122549	0.996323529996323	0.00122549000122549
5	0.736519608	0.094362745	0.167892157	0.00122549
6	0.226715686	0.172794118	0.462009804	0.138480392
7	0.564950980564951	0.00122549000122549	0.00122549000122549	0.432598039432598
8	0.143382353	0.00122549	0.00122549	0.854166667
9	0.9375	0.06004902	0.00122549	0.00122549
10	0.363970588	0.167892157	0.148284314	0.319852941
