Pos	A	C	G	T
1	0.818181818181818	0.0	0.121212121212121	0.0606060606060606
2	0.787878787878788	0.212121212121212	0.0	0.0
3	0.303030303030303	0.545454545454545	0.151515151515152	0.0
4	0.454545454545455	0.0	0.0	0.545454545454545
5	1.0	0.0	0.0	0.0
6	0.878787878787879	0.0	0.0303030303030303	0.0909090909090909
7	0.96969696969697	0.0	0.0303030303030303	0.0
8	0.212121212121212	0.424242424242424	0.0303030303030303	0.333333333333333
9	0.787878787878788	0.0	0.121212121212121	0.0909090909090909
10	0.121212121212121	0.0	0.0	0.878787878787879
11	0.909090909090909	0.0	0.0606060606060606	0.0303030303030303
12	0.96969696969697	0.0	0.0	0.0303030303030303
13	0.96969696969697	0.0	0.0	0.0303030303030303
14	0.696969696969697	0.0909090909090909	0.0	0.212121212121212
15	0.909090909090909	0.0	0.0	0.0909090909090909
16	0.696969696969697	0.0909090909090909	0.0	0.212121212121212
17	0.545454545454545	0.0	0.151515151515152	0.303030303030303
