Pos	A	C	G	T
1	0.748977529251022	0.000251525999748474	0.000251525999748474	0.250519418749481
2	0.284713518	0.096560898	0.193121795	0.425603789
3	0.446495577446496	0.101300822101301	0.302858916302859	0.149344684149345
4	0.000371425999628574	0.125465393874535	0.873791754126208	0.000371425999628574
5	0.000372205999627794	0.998883382001117	0.000372205999627794	0.000372205999627794
6	0.00037056000037056	0.37422961637423	0.625029263625029	0.00037056000037056
7	0.000331367	0.669296311	0.000331367	0.330040955
8	0.000350566	0.824717458	0.000350566	0.17458141
9	0.000372205999627794	0.998883382001117	0.000372205999627794	0.000372205999627794
10	0.000372205999627794	0.998883382001117	0.000372205999627794	0.000372205999627794
