Pos	A	C	G	T
1	0.166666666833333	0.166666666833333	0.4999999995	0.166666666833333
2	0.166666666833333	0.166666666833333	0.166666666833333	0.4999999995
3	0.0	1.0	0.0	0.0
4	0.0	0.0	1.0	0.0
5	0.0	0.0	1.0	0.0
6	0.0	1.0	0.0	0.0
7	0.166666666833333	0.166666666833333	0.166666666833333	0.4999999995
8	0.166666666833333	0.4999999995	0.166666666833333	0.166666666833333
9	0.166666666833333	0.166666666833333	0.166666666833333	0.4999999995
10	0.4999999995	0.166666666833333	0.166666666833333	0.166666666833333
11	0.4999999995	0.166666666833333	0.166666666833333	0.166666666833333
12	0.166666666833333	0.166666666833333	0.4999999995	0.166666666833333
13	0.0	0.0	1.0	0.0
14	0.0	1.0	0.0	0.0
15	0.0	1.0	0.0	0.0
16	0.0	0.0	1.0	0.0
17	0.4999999995	0.166666666833333	0.166666666833333	0.166666666833333
18	0.166666666833333	0.4999999995	0.166666666833333	0.166666666833333
