Pos	A	C	G	T
1	0.909090909090909	0.0	0.0909090909090909	0.0
2	0.636363636363636	0.363636363636364	0.0	0.0
3	0.363636363636364	0.272727272727273	0.181818181818182	0.181818181818182
4	0.454545454545455	0.181818181818182	0.0909090909090908	0.272727272727273
5	0.0909090909090909	0.727272727272727	0.181818181818182	0.0
6	1.0	0.0	0.0	0.0
7	1.0	0.0	0.0	0.0
8	1.0	0.0	0.0	0.0
9	0.545454545454545	0.181818181818182	0.181818181818182	0.0909090909090909
10	0.454545454545455	0.0909090909090908	0.181818181818182	0.272727272727273
11	0.0	1.0	0.0	0.0
12	0.272727272727273	0.272727272727273	0.0	0.454545454545455
13	0.0	0.0909090909090909	0.909090909090909	0.0
14	0.0909090909090908	0.272727272727273	0.363636363636364	0.272727272727273
15	0.0	0.636363636363636	0.0	0.363636363636364
16	0.0	0.0	0.0	1.0
