Pos	A	C	G	T
1	0.85377717634892	0.000469315817483994	0.117590768067048	0.0281627397665484
2	0.95920583836421	0.00629240632287909	0.00396030579876569	0.0305414495141455
3	0.652293055702244	0.0336676626917786	0.0731249416561011	0.240914339949876
4	0.369474636559742	0.159371154859206	0.245443427485044	0.225710781096008
5	0.361119564083766	0.00700919118301255	0.0961522009040397	0.535719043829182
6	0.0536913234061166	0.127250918920785	0.0040798956808373	0.814977861992261
7	0.135842756948053	0.0678232981753615	0.762561052522794	0.0337728923537912
8	0.0364351673575891	0.597657405336238	0.00229449222202173	0.363612935084151
9	0.0665630704277032	0.00123933420359047	0.931599001221208	0.000598594147498741
10	0.204351881691691	0.374501301327723	0.100484343479428	0.320662473501158
