Pos	A	C	G	T
1	0.022313853	0.657563293	0.295462233	0.024660621
2	0.006604446	0.980186662	0.006604446	0.006604446
3	0.022796153	0.004451577	0.660672621	0.312079649
4	0.17203801	0.232227024	0.395855314	0.199879652
5	0.224192352	0.166085779	0.142951355	0.466770514
6	0.466770514	0.142951355	0.166085779	0.224192352
7	0.199879652	0.395855314	0.232227024	0.17203801
8	0.312079649	0.660672621	0.004451577	0.022796153
9	0.006604446	0.006604446	0.980186662	0.006604446
10	0.024660621	0.295462233	0.657563293	0.022313853
