Pos	A	C	G	T
1	0.0	1.0	0.0	0.0
2	0.0	0.0	1.0	0.0
3	0.0	0.0	1.0	0.0
4	0.0	0.5	0.0	0.5
5	0.5	0.0	0.0	0.5
6	1.0	0.0	0.0	0.0
7	0.25	0.25	0.25	0.25
8	0.25	0.25	0.25	0.25
9	0.25	0.25	0.25	0.25
10	0.25	0.25	0.25	0.25
11	0.0	1.0	0.0	0.0
12	0.0	0.0	1.0	0.0
13	0.0	0.0	1.0	0.0
14	0.0	0.5	0.0	0.5
15	0.5	0.0	0.0	0.5
16	1.0	0.0	0.0	0.0
17	0.25	0.25	0.25	0.25
18	0.25	0.25	0.25	0.25
19	0.25	0.25	0.25	0.25
20	0.25	0.25	0.25	0.25
21	0.0	1.0	0.0	0.0
22	0.0	0.0	1.0	0.0
23	0.0	0.0	1.0	0.0
24	0.0	0.5	0.0	0.5
25	0.5	0.0	0.0	0.5
26	1.0	0.0	0.0	0.0
