Pos	A	C	G	T
1	0.20997375328084	0.264435695538058	0.198162729658793	0.32742782152231
2	0.654629021667761	0.0	0.345370978332239	0.0
3	0.0	0.0	0.0	1.0
4	0.0	1.0	0.0	0.0
5	0.692055154300722	0.0426789231779383	0.153644123440578	0.111621799080762
6	0.0	0.53381483913329	0.0	0.46618516086671
7	0.0952068286277085	0.107025607353907	0.193696651346028	0.604070912672357
8	0.400918635170604	0.233595800524934	0.15748031496063	0.208005249343832
9	0.165354330708661	0.196194225721785	0.149606299212598	0.488845144356955
10	0.455081967213115	0.263606557377049	0.122622950819672	0.158688524590164
11	0.384110308601444	0.126066973079448	0.258043335521996	0.231779382797111
12	1.0	0.0	0.0	0.0
13	0.0	1.0	0.0	0.0
14	0.0	0.0	1.0	0.0
15	0.404861111111111	0.0	0.222916666666667	0.372222222222222
