Pos	A	C	G	T
1	0.304347826086957	0.260869565217391	0.130434782608696	0.304347826086957
2	0.25	0.416666666666667	0.166666666666667	0.166666666666667
3	0.541666666666667	0.0	0.166666666666667	0.291666666666667
4	0.166666666666667	0.25	0.166666666666667	0.416666666666667
5	0.625	0.0	0.375	0.0
6	0.0	0.0	0.0416666666666667	0.958333333333333
7	0.0416666666666667	0.958333333333333	0.0	0.0
8	0.75	0.0	0.208333333333333	0.0416666666666667
9	0.0	0.416666666666667	0.0	0.583333333333333
10	0.0416666666666667	0.125	0.166666666666667	0.666666666666667
11	0.458333333333333	0.166666666666667	0.125	0.25
12	0.166666666666667	0.166666666666667	0.0416666666666667	0.625
13	0.541666666666667	0.0833333333333333	0.166666666666667	0.208333333333333
14	0.25	0.208333333333333	0.208333333333333	0.333333333333333
15	1.0	0.0	0.0	0.0
16	0.0	1.0	0.0	0.0
17	0.0	0.0	1.0	0.0
18	0.416666666666667	0.0	0.25	0.333333333333333
19	0.5	0.125	0.208333333333333	0.166666666666667
20	0.391304347826087	0.217391304347826	0.130434782608696	0.260869565217391
21	0.260869565217391	0.304347826086957	0.260869565217391	0.173913043478261
22	0.304347826086957	0.173913043478261	0.0869565217391304	0.434782608695652
