Pos	A	C	G	T
1	0.142857142857143	0.214285714285714	0.142857142857143	0.5
2	0.428571428571429	0.142857142857143	0.0714285714285714	0.357142857142857
3	0.0	1.0	0.0	0.0
4	0.0	1.0	0.0	0.0
5	0.0	1.0	0.0	0.0
6	0.0	1.0	0.0	0.0
7	0.571428571428571	0.0	0.428571428571429	0.0
8	0.0	0.5	0.5	0.0
9	0.571428571428571	0.0714285714285714	0.214285714285714	0.142857142857143
10	0.142857142857143	0.142857142857143	0.0	0.714285714285714
11	0.357142857142857	0.0	0.0	0.642857142857143
12	0.357142857142857	0.0	0.0	0.642857142857143
13	0.5	0.0	0.0	0.5
14	0.357142857142857	0.142857142857143	0.0	0.5
15	0.285714285714286	0.0714285714285714	0.214285714285714	0.428571428571429
16	0.214285714285714	0.0714285714285714	0.142857142857143	0.571428571428571
17	0.428571428571429	0.428571428571429	0.0714285714285714	0.0714285714285714
