Pos	A	C	G	T
1	0.285714285714286	0.0714285714285714	0.214285714285714	0.428571428571429
2	0.428571428571429	0.0	0.0714285714285714	0.5
3	0.214285714285714	0.142857142857143	0.142857142857143	0.5
4	0.285714285714286	0.142857142857143	0.214285714285714	0.357142857142857
5	0.928571428571429	0.0	0.0714285714285714	0.0
6	0.0714285714285714	0.928571428571429	0.0	0.0
7	0.857142857142857	0.0	0.0714285714285714	0.0714285714285714
8	0.0714285714285714	0.285714285714286	0.0714285714285714	0.571428571428571
9	0.0714285714285714	0.0714285714285714	0.714285714285714	0.142857142857143
10	0.5	0.214285714285714	0.142857142857143	0.142857142857143
