Pos	A	C	G	T
1	0.296221322537112	0.10863697705803	0.484480431848853	0.110661268556005
2	0.524759793052476	0.0	0.416851441241685	0.0583887657058389
3	0.0	0.0	0.226873733963538	0.773126266036462
4	0.0	0.0	0.948717948717949	0.0512820512820513
5	0.0432140445644835	0.100607697501688	0.0513166779203241	0.804861580013504
6	0.617408906882591	0.193657219973009	0.0452091767881242	0.143724696356275
7	0.0	0.0	0.0	1.0
8	0.0	0.0	1.0	0.0
9	0.0	0.0	1.0	0.0
10	0.0	0.0	1.0	0.0
11	0.0	0.0	0.0	1.0
12	0.0	0.053306342780027	0.460863697705803	0.48582995951417
13	0.0965563808237677	0.309250506414585	0.0	0.594193112761648
14	0.319838056680162	0.053306342780027	0.161943319838057	0.464912280701754
