Pos	A	C	G	T
1	0.0714285714285714	0.285714285714286	0.357142857142857	0.285714285714286
2	0.0714285714285714	0.357142857142857	0.285714285714286	0.285714285714286
3	0.0	0.466666666666667	0.133333333333333	0.4
4	0.0666666666666667	0.333333333333333	0.2	0.4
5	0.0666666666666667	0.133333333333333	0.133333333333333	0.666666666666667
6	0.0666666666666667	0.466666666666667	0.133333333333333	0.333333333333333
7	0.0	0.133333333333333	0.866666666666667	0.0
8	0.0	0.0666666666666667	0.933333333333333	0.0
9	0.0666666666666667	0.8	0.0	0.133333333333333
10	0.0	0.0	1.0	0.0
11	0.0	0.0	1.0	0.0
12	0.0	0.866666666666667	0.0	0.133333333333333
13	0.0666666666666667	0.0	0.0	0.933333333333333
14	0.8	0.133333333333333	0.0	0.0666666666666667
15	0.266666666666667	0.266666666666667	0.333333333333333	0.133333333333333
16	0.25	0.166666666666667	0.166666666666667	0.416666666666667
17	0.333333333333333	0.25	0.25	0.166666666666667
