Pos	A	C	G	T
1	0.163187855787476	0.523719165085389	0.0740037950664137	0.239089184060721
2	0.0	0.0894141829393628	0.651593011305242	0.258992805755396
3	0.0683111954459203	0.369070208728653	0.0	0.562618595825427
4	0.269449715370019	0.0920303605313093	0.0	0.638519924098672
5	0.0	1.0	0.0	0.0
6	0.0	0.0	1.0	0.0
7	0.0	0.0826210826210826	0.917378917378917	0.0
8	0.537001897533207	0.226755218216319	0.0825426944971537	0.153700189753321
9	0.251423149905123	0.300759013282732	0.447817836812144	0.0
10	0.153700189753321	0.239089184060721	0.533206831119545	0.0740037950664137
11	0.682163187855788	0.0759013282732448	0.241935483870968	0.0
12	0.230769230769231	0.388414055080722	0.304843304843305	0.0759734093067427
13	0.685660018993352	0.0	0.0	0.314339981006648
14	0.0	0.150047483380817	0.705603038936372	0.144349477682811
15	0.209876543209877	0.254510921177588	0.0	0.535612535612536
16	0.0759734093067426	0.206077872744539	0.41025641025641	0.307692307692308
17	0.15180265654649	0.371916508538899	0.318785578747628	0.157495256166983
18	0.0826210826210826	0.238366571699905	0.224121557454891	0.454890788224122
19	0.0	0.910815939278937	0.0891840607210626	0.0
20	0.0	1.0	0.0	0.0
21	0.0	0.0	0.934535104364326	0.0654648956356736
22	0.607942973523422	0.0814663951120163	0.158859470468432	0.15173116089613
